1.289000000000000000e+04 0.000000000000000000e+00
1.315000000000000000e+04 0.000000000000000000e+00
1.341000000000000000e+04 0.000000000000000000e+00
1.368000000000000000e+04 0.000000000000000000e+00
1.397000000000000000e+04 0.000000000000000000e+00
1.418000000000000000e+04 0.000000000000000000e+00
1.440000000000000000e+04 5.796939999999999558e-04
1.462000000000000000e+04 3.197440000000000178e-03
1.478000000000000000e+04 9.149590000000000847e-03
1.486000000000000000e+04 3.224439999999999945e-02
1.493000000000000000e+04 9.739789999999999559e-02
1.504000000000000000e+04 2.235640000000000127e-01
1.515000000000000000e+04 4.828930000000000167e-01
1.528000000000000000e+04 7.499719999999999720e-01
1.539000000000000000e+04 8.874800000000000466e-01
1.546000000000000000e+04 9.525759999999999783e-01
1.551000000000000000e+04 9.814739999999999576e-01
1.556000000000000000e+04 9.945220000000000171e-01
1.565000000000000000e+04 9.913629999999999942e-01
1.572000000000000000e+04 9.268370000000000219e-01
1.577000000000000000e+04 9.068540000000000489e-01
1.583000000000000000e+04 9.308380000000000543e-01
1.592000000000000000e+04 9.628039999999999932e-01
1.597000000000000000e+04 9.687799999999999745e-01
1.602000000000000000e+04 9.458520000000000261e-01
1.613000000000000000e+04 9.584460000000000202e-01
1.619000000000000000e+04 9.492220000000000102e-01
1.628000000000000000e+04 9.477689999999999726e-01
1.633000000000000000e+04 9.441519999999999913e-01
1.642000000000000000e+04 9.575829999999999620e-01
1.648000000000000000e+04 9.614920000000000133e-01
1.657000000000000000e+04 9.881090000000000151e-01
1.659000000000000000e+04 1.000000000000000000e+00
1.671000000000000000e+04 9.991130000000000289e-01
1.684000000000000000e+04 9.478779999999999983e-01
1.701000000000000000e+04 9.069970000000000532e-01
1.715000000000000000e+04 9.560549999999999882e-01
1.727000000000000000e+04 9.585949999999999749e-01
1.739000000000000000e+04 9.491960000000000397e-01
1.746000000000000000e+04 9.363070000000000004e-01
1.751000000000000000e+04 9.231449999999999934e-01
1.753000000000000000e+04 8.923780000000000046e-01
1.756000000000000000e+04 8.737399999999999611e-01
1.764000000000000000e+04 7.971850000000000325e-01
1.775000000000000000e+04 6.274570000000000425e-01
1.785000000000000000e+04 2.519710000000000005e-01
1.790000000000000000e+04 4.212029999999999941e-01
1.796000000000000000e+04 1.609099999999999975e-01
1.803000000000000000e+04 9.972659999999999858e-02
1.810000000000000000e+04 6.521269999999999845e-02
1.813000000000000000e+04 4.696379999999999999e-03
1.818000000000000000e+04 1.836650000000000088e-02
1.828000000000000000e+04 3.653209999999999943e-04
1.835000000000000000e+04 0.000000000000000000e+00
1.850000000000000000e+04 9.024419999999999903e-05
1.871000000000000000e+04 0.000000000000000000e+00
1.893000000000000000e+04 0.000000000000000000e+00
1.914000000000000000e+04 0.000000000000000000e+00
