1.067000000000000000e+04 0.000000000000000000e+00
1.071000000000000000e+04 0.000000000000000000e+00
1.075000000000000000e+04 4.356399999999999856e-03
1.079000000000000000e+04 8.720749999999999336e-03
1.083000000000000000e+04 1.967649999999999955e-02
1.087000000000000000e+04 3.722509999999999708e-02
1.091000000000000000e+04 5.441019999999999884e-02
1.095000000000000000e+04 6.468830000000000413e-02
1.099000000000000000e+04 7.525959999999999595e-02
1.103000000000000000e+04 1.720389999999999975e-01
1.107000000000000000e+04 3.829819999999999891e-01
1.111000000000000000e+04 4.303400000000000003e-01
1.115000000000000000e+04 3.857800000000000118e-01
1.119000000000000000e+04 2.854829999999999868e-01
1.123000000000000000e+04 3.163690000000000113e-01
1.127000000000000000e+04 3.012500000000000178e-01
1.131000000000000000e+04 4.688300000000000245e-01
1.135000000000000000e+04 3.763400000000000079e-01
1.139000000000000000e+04 3.754790000000000072e-01
1.143000000000000000e+04 4.809390000000000054e-01
1.147000000000000000e+04 3.371129999999999960e-01
1.151000000000000000e+04 3.309630000000000072e-01
1.155000000000000000e+04 3.201039999999999996e-01
1.159000000000000000e+04 2.584139999999999771e-01
1.163000000000000000e+04 5.657550000000000079e-01
1.167000000000000000e+04 6.921460000000000390e-01
1.171000000000000000e+04 7.640609999999999902e-01
1.175000000000000000e+04 8.264019999999999699e-01
1.179000000000000000e+04 8.902889999999999970e-01
1.183000000000000000e+04 8.700189999999999868e-01
1.187000000000000000e+04 8.944999999999999618e-01
1.191000000000000000e+04 9.024170000000000247e-01
1.195000000000000000e+04 8.198860000000000037e-01
1.199000000000000000e+04 7.661879999999999802e-01
1.203000000000000000e+04 7.512330000000000396e-01
1.207000000000000000e+04 7.519419999999999993e-01
1.211000000000000000e+04 7.499590000000000423e-01
1.215000000000000000e+04 7.456970000000000542e-01
1.219000000000000000e+04 7.621769999999999934e-01
1.223000000000000000e+04 7.638939999999999619e-01
1.227000000000000000e+04 7.626699999999999591e-01
1.231000000000000000e+04 8.736150000000000304e-01
1.235000000000000000e+04 9.457560000000000411e-01
1.239000000000000000e+04 9.837850000000000206e-01
1.243000000000000000e+04 1.000000000000000000e+00
1.247000000000000000e+04 9.914049999999999807e-01
1.251000000000000000e+04 9.647170000000000467e-01
1.255000000000000000e+04 9.192280000000000451e-01
1.259000000000000000e+04 8.488820000000000254e-01
1.263000000000000000e+04 7.879709999999999770e-01
1.267000000000000000e+04 7.348909999999999609e-01
1.271000000000000000e+04 6.846200000000000063e-01
1.275000000000000000e+04 6.613550000000000262e-01
1.279000000000000000e+04 6.466480000000000006e-01
1.283000000000000000e+04 6.447260000000000213e-01
1.287000000000000000e+04 6.453689999999999705e-01
1.291000000000000000e+04 6.481489999999999752e-01
1.295000000000000000e+04 6.666539999999999688e-01
1.299000000000000000e+04 7.060229999999999562e-01
1.303000000000000000e+04 7.525979999999999892e-01
1.307000000000000000e+04 7.871139999999999803e-01
1.311000000000000000e+04 7.457850000000000312e-01
1.315000000000000000e+04 8.456209999999999560e-01
1.319000000000000000e+04 8.510360000000000147e-01
1.323000000000000000e+04 8.482950000000000212e-01
1.327000000000000000e+04 9.374930000000000208e-01
1.331000000000000000e+04 8.563939999999999886e-01
1.335000000000000000e+04 4.589989999999999903e-01
1.339000000000000000e+04 7.468439999999999523e-01
1.343000000000000000e+04 6.669169999999999821e-01
1.347000000000000000e+04 4.243739999999999735e-01
1.351000000000000000e+04 1.232179999999999942e-01
1.355000000000000000e+04 7.363999999999999886e-03
1.359000000000000000e+04 2.812960000000000113e-02
1.363000000000000000e+04 9.610010000000000427e-03
1.367000000000000000e+04 1.987850000000000207e-03
1.371000000000000000e+04 1.336200000000000061e-02
1.375000000000000000e+04 1.771999999999999964e-02
1.379000000000000000e+04 3.124539999999999870e-04
1.383000000000000000e+04 4.835600000000000255e-05
1.387000000000000000e+04 1.647870000000000064e-04
1.391000000000000000e+04 2.109569999999999848e-03
1.395000000000000000e+04 5.535510000000000430e-03
1.399000000000000000e+04 4.397329999999999989e-02
1.403000000000000000e+04 2.492420000000000052e-02
1.407000000000000000e+04 1.484500000000000056e-02
1.411000000000000000e+04 2.375490000000000067e-03
1.415000000000000000e+04 0.000000000000000000e+00
1.419000000000000000e+04 0.000000000000000000e+00
