1.934000000000000000e+04 0.000000000000000000e+00
1.941000000000000000e+04 0.000000000000000000e+00
1.948000000000000000e+04 7.666509999999999644e-03
1.955000000000000000e+04 1.215190000000000020e-02
1.962000000000000000e+04 2.417889999999999970e-02
1.969000000000000000e+04 5.129469999999999863e-02
1.976000000000000000e+04 1.057320000000000065e-01
1.983000000000000000e+04 1.996509999999999951e-01
1.990000000000000000e+04 2.419459999999999944e-01
1.997000000000000000e+04 2.570270000000000055e-01
2.004000000000000000e+04 3.027050000000000018e-01
2.011000000000000000e+04 3.861979999999999857e-01
2.018000000000000000e+04 4.098689999999999833e-01
2.025000000000000000e+04 5.824409999999999865e-01
2.032000000000000000e+04 7.563389999999999835e-01
2.039000000000000000e+04 8.338020000000000431e-01
2.046000000000000000e+04 8.080840000000000245e-01
2.053000000000000000e+04 7.500430000000000152e-01
2.060000000000000000e+04 6.975940000000000474e-01
2.067000000000000000e+04 7.381640000000000423e-01
2.074000000000000000e+04 7.681270000000000042e-01
2.081000000000000000e+04 8.299459999999999615e-01
2.088000000000000000e+04 8.729850000000000110e-01
2.095000000000000000e+04 8.795680000000000165e-01
2.102000000000000000e+04 8.972510000000000208e-01
2.109000000000000000e+04 9.253689999999999971e-01
2.116000000000000000e+04 9.206889999999999796e-01
2.123000000000000000e+04 9.321880000000000166e-01
2.130000000000000000e+04 9.541290000000000049e-01
2.137000000000000000e+04 9.631539999999999546e-01
2.144000000000000000e+04 9.686029999999999918e-01
2.151000000000000000e+04 9.671030000000000459e-01
2.158000000000000000e+04 9.581709999999999949e-01
2.165000000000000000e+04 9.417400000000000215e-01
2.172000000000000000e+04 9.408199999999999896e-01
2.179000000000000000e+04 9.230000000000000426e-01
2.186000000000000000e+04 8.822149999999999714e-01
2.193000000000000000e+04 9.328889999999999683e-01
2.200000000000000000e+04 9.745770000000000266e-01
2.207000000000000000e+04 9.931830000000000380e-01
2.214000000000000000e+04 1.000000000000000000e+00
2.221000000000000000e+04 9.909569999999999768e-01
2.228000000000000000e+04 9.777390000000000247e-01
2.235000000000000000e+04 9.786179999999999879e-01
2.242000000000000000e+04 9.835930000000000506e-01
2.249000000000000000e+04 9.774620000000000530e-01
2.256000000000000000e+04 9.627780000000000227e-01
2.263000000000000000e+04 9.734699999999999465e-01
2.270000000000000000e+04 9.602439999999999864e-01
2.277000000000000000e+04 9.244449999999999612e-01
2.284000000000000000e+04 8.907629999999999715e-01
2.291000000000000000e+04 8.206959999999999811e-01
2.298000000000000000e+04 5.991349999999999731e-01
2.305000000000000000e+04 4.474110000000000031e-01
2.312000000000000000e+04 3.132759999999999989e-01
2.319000000000000000e+04 1.789050000000000085e-01
2.326000000000000000e+04 1.147490000000000038e-01
2.333000000000000000e+04 6.813299999999999912e-02
2.340000000000000000e+04 4.089399999999999979e-02
2.347000000000000000e+04 2.587789999999999882e-02
2.354000000000000000e+04 1.194270000000000054e-02
2.361000000000000000e+04 0.000000000000000000e+00
2.368000000000000000e+04 0.000000000000000000e+00
