2.310000000000000000e+03 0.000000000000000000e+00
2.315000000000000000e+03 0.000000000000000000e+00
2.320000000000000000e+03 5.078850000000000205e-03
2.325000000000000000e+03 6.183969999999999571e-03
2.330000000000000000e+03 7.798989999999999569e-03
2.335000000000000000e+03 1.012240000000000015e-02
2.340000000000000000e+03 1.264329999999999968e-02
2.345000000000000000e+03 1.539710000000000037e-02
2.350000000000000000e+03 1.842809999999999934e-02
2.355000000000000000e+03 2.263770000000000018e-02
2.360000000000000000e+03 2.724980000000000110e-02
2.365000000000000000e+03 3.269439999999999846e-02
2.370000000000000000e+03 3.854590000000000100e-02
2.375000000000000000e+03 4.552590000000000109e-02
2.380000000000000000e+03 5.294240000000000057e-02
2.385000000000000000e+03 6.124949999999999839e-02
2.390000000000000000e+03 7.004639999999999478e-02
2.395000000000000000e+03 8.022930000000000339e-02
2.400000000000000000e+03 9.089809999999999557e-02
2.405000000000000000e+03 1.023010000000000030e-01
2.410000000000000000e+03 1.141729999999999967e-01
2.415000000000000000e+03 1.272850000000000092e-01
2.420000000000000000e+03 1.408739999999999992e-01
2.425000000000000000e+03 1.551510000000000111e-01
2.430000000000000000e+03 1.699110000000000065e-01
2.435000000000000000e+03 1.859230000000000049e-01
2.440000000000000000e+03 2.023570000000000091e-01
2.445000000000000000e+03 2.190070000000000072e-01
2.450000000000000000e+03 2.360200000000000076e-01
2.455000000000000000e+03 2.539739999999999776e-01
2.460000000000000000e+03 2.722060000000000035e-01
2.465000000000000000e+03 2.900750000000000273e-01
2.470000000000000000e+03 3.082699999999999885e-01
2.475000000000000000e+03 3.277800000000000158e-01
2.480000000000000000e+03 3.475610000000000088e-01
2.485000000000000000e+03 3.665200000000000125e-01
2.490000000000000000e+03 3.856919999999999793e-01
2.495000000000000000e+03 4.059599999999999875e-01
2.500000000000000000e+03 4.263759999999999772e-01
2.505000000000000000e+03 4.454739999999999811e-01
2.510000000000000000e+03 4.647189999999999932e-01
2.515000000000000000e+03 4.852099999999999747e-01
2.520000000000000000e+03 5.057829999999999826e-01
2.525000000000000000e+03 5.245229999999999615e-01
2.530000000000000000e+03 5.432869999999999644e-01
2.535000000000000000e+03 5.631249999999999867e-01
2.540000000000000000e+03 5.815909999999999691e-01
2.545000000000000000e+03 5.970509999999999984e-01
2.550000000000000000e+03 6.123750000000000027e-01
2.555000000000000000e+03 6.287369999999999903e-01
2.560000000000000000e+03 6.449259999999999993e-01
2.565000000000000000e+03 6.587530000000000330e-01
2.570000000000000000e+03 6.723400000000000487e-01
2.575000000000000000e+03 6.866700000000000026e-01
2.580000000000000000e+03 7.008180000000000520e-01
2.585000000000000000e+03 7.128809999999999869e-01
2.590000000000000000e+03 7.246460000000000123e-01
2.595000000000000000e+03 7.365730000000000333e-01
2.600000000000000000e+03 7.483699999999999797e-01
2.605000000000000000e+03 7.590670000000000472e-01
2.610000000000000000e+03 7.695990000000000331e-01
2.615000000000000000e+03 7.801470000000000349e-01
2.620000000000000000e+03 7.906009999999999982e-01
2.625000000000000000e+03 8.003660000000000219e-01
2.630000000000000000e+03 8.099589999999999845e-01
2.635000000000000000e+03 8.191389999999999505e-01
2.640000000000000000e+03 8.281060000000000088e-01
2.645000000000000000e+03 8.361680000000000224e-01
2.650000000000000000e+03 8.439410000000000522e-01
2.655000000000000000e+03 8.508930000000000105e-01
2.660000000000000000e+03 8.576249999999999707e-01
2.665000000000000000e+03 8.638919999999999932e-01
2.670000000000000000e+03 8.700579999999999981e-01
2.675000000000000000e+03 8.761370000000000546e-01
2.680000000000000000e+03 8.821989999999999554e-01
2.685000000000000000e+03 8.883060000000000400e-01
2.690000000000000000e+03 8.946290000000000076e-01
2.695000000000000000e+03 9.022609999999999797e-01
2.700000000000000000e+03 9.103369999999999518e-01
2.705000000000000000e+03 9.197819999999999885e-01
2.710000000000000000e+03 9.294489999999999696e-01
2.715000000000000000e+03 9.388469999999999871e-01
2.720000000000000000e+03 9.480229999999999491e-01
2.725000000000000000e+03 9.559499999999999664e-01
2.730000000000000000e+03 9.636090000000000488e-01
2.735000000000000000e+03 9.708309999999999995e-01
2.740000000000000000e+03 9.779240000000000155e-01
2.745000000000000000e+03 9.846209999999999685e-01
2.750000000000000000e+03 9.906549999999999523e-01
2.755000000000000000e+03 9.931189999999999740e-01
2.760000000000000000e+03 9.948909999999999698e-01
2.765000000000000000e+03 9.961160000000000014e-01
2.770000000000000000e+03 9.972189999999999666e-01
2.775000000000000000e+03 9.981400000000000272e-01
2.780000000000000000e+03 9.989320000000000421e-01
2.785000000000000000e+03 9.991470000000000073e-01
2.790000000000000000e+03 9.992980000000000196e-01
2.795000000000000000e+03 9.996639999999999970e-01
2.800000000000000000e+03 1.000000000000000000e+00
2.805000000000000000e+03 9.999449999999999728e-01
2.810000000000000000e+03 9.997759999999999980e-01
2.815000000000000000e+03 9.993319999999999981e-01
2.820000000000000000e+03 9.988249999999999629e-01
2.825000000000000000e+03 9.982290000000000330e-01
2.830000000000000000e+03 9.976490000000000080e-01
2.835000000000000000e+03 9.972670000000000146e-01
2.840000000000000000e+03 9.969749999999999446e-01
2.845000000000000000e+03 9.970350000000000046e-01
2.850000000000000000e+03 9.970350000000000046e-01
2.855000000000000000e+03 9.963309999999999667e-01
2.860000000000000000e+03 9.956120000000000525e-01
2.865000000000000000e+03 9.955180000000000140e-01
2.870000000000000000e+03 9.954100000000000170e-01
2.875000000000000000e+03 9.946110000000000229e-01
2.880000000000000000e+03 9.937460000000000182e-01
2.885000000000000000e+03 9.932029999999999470e-01
2.890000000000000000e+03 9.925690000000000346e-01
2.895000000000000000e+03 9.910780000000000145e-01
2.900000000000000000e+03 9.889740000000000197e-01
2.905000000000000000e+03 9.841130000000000155e-01
2.910000000000000000e+03 9.789099999999999469e-01
2.915000000000000000e+03 9.744059999999999944e-01
2.920000000000000000e+03 9.699219999999999509e-01
2.925000000000000000e+03 9.648560000000000469e-01
2.930000000000000000e+03 9.596630000000000438e-01
2.935000000000000000e+03 9.542650000000000299e-01
2.940000000000000000e+03 9.489109999999999490e-01
2.945000000000000000e+03 9.439939999999999998e-01
2.950000000000000000e+03 9.391100000000000003e-01
2.955000000000000000e+03 9.339659999999999629e-01
2.960000000000000000e+03 9.288140000000000285e-01
2.965000000000000000e+03 9.238300000000000400e-01
2.970000000000000000e+03 9.187629999999999963e-01
2.975000000000000000e+03 9.130099999999999882e-01
2.980000000000000000e+03 9.072480000000000544e-01
2.985000000000000000e+03 9.020679999999999810e-01
2.990000000000000000e+03 8.969190000000000218e-01
2.995000000000000000e+03 8.913349999999999884e-01
3.000000000000000000e+03 8.856929999999999525e-01
3.005000000000000000e+03 8.800810000000000022e-01
3.010000000000000000e+03 8.744960000000000511e-01
3.015000000000000000e+03 8.689860000000000362e-01
3.020000000000000000e+03 8.635199999999999543e-01
3.025000000000000000e+03 8.581900000000000084e-01
3.030000000000000000e+03 8.528210000000000512e-01
3.035000000000000000e+03 8.470349999999999824e-01
3.040000000000000000e+03 8.412049999999999805e-01
3.045000000000000000e+03 8.354639999999999844e-01
3.050000000000000000e+03 8.296989999999999643e-01
3.055000000000000000e+03 8.236470000000000180e-01
3.060000000000000000e+03 8.175839999999999774e-01
3.065000000000000000e+03 8.116860000000000186e-01
3.070000000000000000e+03 8.057809999999999695e-01
3.075000000000000000e+03 7.996029999999999527e-01
3.080000000000000000e+03 7.933909999999999574e-01
3.085000000000000000e+03 7.871719999999999828e-01
3.090000000000000000e+03 7.809420000000000250e-01
3.095000000000000000e+03 7.745760000000000423e-01
3.100000000000000000e+03 7.688000000000000389e-01
3.105000000000000000e+03 7.665840000000000432e-01
3.110000000000000000e+03 7.648810000000000331e-01
3.115000000000000000e+03 7.627720000000000056e-01
3.120000000000000000e+03 7.605300000000000393e-01
3.125000000000000000e+03 7.579930000000000279e-01
3.130000000000000000e+03 7.553710000000000147e-01
3.135000000000000000e+03 7.526340000000000252e-01
3.140000000000000000e+03 7.499090000000000478e-01
3.145000000000000000e+03 7.474610000000000420e-01
3.150000000000000000e+03 7.449130000000000473e-01
3.155000000000000000e+03 7.415680000000000049e-01
3.160000000000000000e+03 7.381360000000000143e-01
3.165000000000000000e+03 7.350959999999999717e-01
3.170000000000000000e+03 7.320170000000000288e-01
3.175000000000000000e+03 7.284140000000000059e-01
3.180000000000000000e+03 7.247390000000000221e-01
3.185000000000000000e+03 7.212720000000000242e-01
3.190000000000000000e+03 7.177069999999999839e-01
3.195000000000000000e+03 7.134439999999999671e-01
3.200000000000000000e+03 7.091330000000000133e-01
3.205000000000000000e+03 7.053540000000000365e-01
3.210000000000000000e+03 7.015160000000000284e-01
3.215000000000000000e+03 6.968999999999999639e-01
3.220000000000000000e+03 6.922040000000000415e-01
3.225000000000000000e+03 6.879440000000000000e-01
3.230000000000000000e+03 6.836229999999999807e-01
3.235000000000000000e+03 6.786109999999999642e-01
3.240000000000000000e+03 6.735459999999999781e-01
3.245000000000000000e+03 6.689990000000000103e-01
3.250000000000000000e+03 6.643710000000000448e-01
3.255000000000000000e+03 6.588659999999999517e-01
3.260000000000000000e+03 6.532489999999999686e-01
3.265000000000000000e+03 6.479890000000000372e-01
3.270000000000000000e+03 6.426579999999999515e-01
3.275000000000000000e+03 6.366749999999999909e-01
3.280000000000000000e+03 6.306810000000000471e-01
3.285000000000000000e+03 6.254290000000000127e-01
3.290000000000000000e+03 6.201689999999999703e-01
3.295000000000000000e+03 6.142410000000000370e-01
3.300000000000000000e+03 6.082340000000000524e-01
3.305000000000000000e+03 6.025819999999999510e-01
3.310000000000000000e+03 5.968350000000000044e-01
3.315000000000000000e+03 5.903070000000000261e-01
3.320000000000000000e+03 5.837299999999999711e-01
3.325000000000000000e+03 5.778020000000000378e-01
3.330000000000000000e+03 5.718320000000000070e-01
3.335000000000000000e+03 5.650910000000000100e-01
3.340000000000000000e+03 5.583550000000000457e-01
3.345000000000000000e+03 5.525889999999999969e-01
3.350000000000000000e+03 5.468319999999999848e-01
3.355000000000000000e+03 5.402890000000000192e-01
3.360000000000000000e+03 5.336610000000000520e-01
3.365000000000000000e+03 5.274739999999999984e-01
3.370000000000000000e+03 5.212480000000000446e-01
3.375000000000000000e+03 5.144940000000000069e-01
3.380000000000000000e+03 5.078169999999999629e-01
3.385000000000000000e+03 5.022799999999999487e-01
3.390000000000000000e+03 4.964470000000000272e-01
3.395000000000000000e+03 4.878190000000000026e-01
3.400000000000000000e+03 4.790550000000000086e-01
3.405000000000000000e+03 4.724849999999999883e-01
3.410000000000000000e+03 4.663120000000000043e-01
3.415000000000000000e+03 4.604340000000000099e-01
3.420000000000000000e+03 4.545199999999999796e-01
3.425000000000000000e+03 4.482320000000000193e-01
3.430000000000000000e+03 4.419199999999999795e-01
3.435000000000000000e+03 4.359950000000000214e-01
3.440000000000000000e+03 4.300579999999999958e-01
3.445000000000000000e+03 4.238049999999999873e-01
3.450000000000000000e+03 4.175579999999999847e-01
3.455000000000000000e+03 4.118029999999999746e-01
3.460000000000000000e+03 4.060650000000000093e-01
3.465000000000000000e+03 4.000630000000000019e-01
3.470000000000000000e+03 3.940759999999999819e-01
3.475000000000000000e+03 3.885890000000000177e-01
3.480000000000000000e+03 3.831030000000000268e-01
3.485000000000000000e+03 3.772490000000000010e-01
3.490000000000000000e+03 3.713960000000000039e-01
3.495000000000000000e+03 3.660669999999999757e-01
3.500000000000000000e+03 3.607449999999999823e-01
3.505000000000000000e+03 3.550670000000000215e-01
3.510000000000000000e+03 3.493979999999999864e-01
3.515000000000000000e+03 3.442799999999999749e-01
3.520000000000000000e+03 3.391680000000000250e-01
3.525000000000000000e+03 3.336600000000000121e-01
3.530000000000000000e+03 3.281560000000000032e-01
3.535000000000000000e+03 3.231899999999999773e-01
3.540000000000000000e+03 3.182340000000000169e-01
3.545000000000000000e+03 3.129120000000000235e-01
3.550000000000000000e+03 3.076050000000000173e-01
3.555000000000000000e+03 3.029009999999999758e-01
3.560000000000000000e+03 2.982219999999999871e-01
3.565000000000000000e+03 2.932190000000000074e-01
3.570000000000000000e+03 2.882020000000000137e-01
3.575000000000000000e+03 2.835500000000000242e-01
3.580000000000000000e+03 2.789079999999999893e-01
3.585000000000000000e+03 2.740650000000000031e-01
3.590000000000000000e+03 2.692269999999999941e-01
3.595000000000000000e+03 2.647410000000000041e-01
3.600000000000000000e+03 2.602499999999999813e-01
3.605000000000000000e+03 2.554830000000000156e-01
3.610000000000000000e+03 2.507220000000000004e-01
3.615000000000000000e+03 2.463889999999999969e-01
3.620000000000000000e+03 2.420720000000000094e-01
3.625000000000000000e+03 2.375160000000000049e-01
3.630000000000000000e+03 2.329660000000000064e-01
3.635000000000000000e+03 2.287949999999999984e-01
3.640000000000000000e+03 2.246329999999999993e-01
3.645000000000000000e+03 2.202429999999999943e-01
3.650000000000000000e+03 2.158539999999999903e-01
3.655000000000000000e+03 2.117979999999999863e-01
3.660000000000000000e+03 2.077479999999999882e-01
3.665000000000000000e+03 2.034870000000000012e-01
3.670000000000000000e+03 1.992259999999999864e-01
3.675000000000000000e+03 1.952820000000000111e-01
3.680000000000000000e+03 1.913499999999999923e-01
3.685000000000000000e+03 1.872649999999999870e-01
3.690000000000000000e+03 1.831939999999999957e-01
3.695000000000000000e+03 1.794659999999999866e-01
3.700000000000000000e+03 1.757529999999999926e-01
3.705000000000000000e+03 1.718830000000000080e-01
3.710000000000000000e+03 1.679970000000000074e-01
3.715000000000000000e+03 1.642679999999999974e-01
3.720000000000000000e+03 1.605330000000000090e-01
3.725000000000000000e+03 1.566960000000000020e-01
3.730000000000000000e+03 1.528519999999999879e-01
3.735000000000000000e+03 1.491679999999999950e-01
3.740000000000000000e+03 1.454820000000000002e-01
3.745000000000000000e+03 1.417120000000000046e-01
3.750000000000000000e+03 1.379360000000000031e-01
3.755000000000000000e+03 1.343050000000000077e-01
3.760000000000000000e+03 1.306630000000000014e-01
3.765000000000000000e+03 1.268920000000000048e-01
3.770000000000000000e+03 1.231089999999999962e-01
3.775000000000000000e+03 1.194719999999999949e-01
3.780000000000000000e+03 1.158359999999999945e-01
3.785000000000000000e+03 1.121329999999999966e-01
3.790000000000000000e+03 1.084230000000000055e-01
3.795000000000000000e+03 1.048160000000000064e-01
3.800000000000000000e+03 1.012030000000000013e-01
3.805000000000000000e+03 9.752700000000000258e-02
3.810000000000000000e+03 9.352069999999999828e-02
3.815000000000000000e+03 8.770490000000000230e-02
3.820000000000000000e+03 8.155320000000000624e-02
3.825000000000000000e+03 7.536669999999999481e-02
3.830000000000000000e+03 6.958219999999999683e-02
3.835000000000000000e+03 6.633890000000000620e-02
3.840000000000000000e+03 6.347859999999999614e-02
3.845000000000000000e+03 6.039010000000000211e-02
3.850000000000000000e+03 5.731619999999999771e-02
3.855000000000000000e+03 5.462709999999999788e-02
3.860000000000000000e+03 5.195969999999999756e-02
3.865000000000000000e+03 4.908980000000000288e-02
3.870000000000000000e+03 4.623859999999999776e-02
3.875000000000000000e+03 4.376109999999999722e-02
3.880000000000000000e+03 4.131019999999999831e-02
3.885000000000000000e+03 3.869269999999999654e-02
3.890000000000000000e+03 3.610549999999999871e-02
3.895000000000000000e+03 3.391759999999999914e-02
3.900000000000000000e+03 3.177200000000000163e-02
3.905000000000000000e+03 2.951720000000000038e-02
3.910000000000000000e+03 2.729490000000000041e-02
3.915000000000000000e+03 2.541850000000000012e-02
3.920000000000000000e+03 2.358580000000000051e-02
3.925000000000000000e+03 2.169909999999999894e-02
3.930000000000000000e+03 1.985309999999999853e-02
3.935000000000000000e+03 1.833919999999999995e-02
3.940000000000000000e+03 1.687500000000000111e-02
3.945000000000000000e+03 1.539850000000000073e-02
3.950000000000000000e+03 1.395979999999999964e-02
3.955000000000000000e+03 1.278900000000000002e-02
3.960000000000000000e+03 1.166140000000000058e-02
3.965000000000000000e+03 1.054480000000000001e-02
3.970000000000000000e+03 9.464409999999999490e-03
3.975000000000000000e+03 8.606549999999999270e-03
3.980000000000000000e+03 7.787449999999999581e-03
3.985000000000000000e+03 6.988180000000000086e-03
3.990000000000000000e+03 6.217480000000000055e-03
3.995000000000000000e+03 5.613139999999999970e-03
4.000000000000000000e+03 5.037169999999999669e-03
4.005000000000000000e+03 4.475749999999999694e-03
4.010000000000000000e+03 3.938020000000000409e-03
4.015000000000000000e+03 3.523189999999999829e-03
4.020000000000000000e+03 3.133389999999999787e-03
4.025000000000000000e+03 2.767799999999999948e-03
4.030000000000000000e+03 2.420279999999999914e-03
4.035000000000000000e+03 2.154160000000000016e-03
4.040000000000000000e+03 1.905330000000000001e-03
4.045000000000000000e+03 1.676060000000000050e-03
4.050000000000000000e+03 1.459140000000000046e-03
4.055000000000000000e+03 1.294980000000000046e-03
4.060000000000000000e+03 1.142159999999999920e-03
4.065000000000000000e+03 1.003140000000000021e-03
4.070000000000000000e+03 8.721080000000000195e-04
4.075000000000000000e+03 7.743999999999999582e-04
4.080000000000000000e+03 6.836840000000000495e-04
4.085000000000000000e+03 6.010149999999999911e-04
4.090000000000000000e+03 5.230560000000000417e-04
4.095000000000000000e+03 4.645440000000000029e-04
4.100000000000000000e+03 4.103299999999999829e-04
4.105000000000000000e+03 3.618650000000000057e-04
4.110000000000000000e+03 3.161290000000000085e-04
4.115000000000000000e+03 2.806989999999999767e-04
4.120000000000000000e+03 2.476089999999999802e-04
4.125000000000000000e+03 2.179539999999999939e-04
4.130000000000000000e+03 1.902619999999999886e-04
4.135000000000000000e+03 1.705429999999999967e-04
4.140000000000000000e+03 1.523920000000000005e-04
4.145000000000000000e+03 1.353899999999999895e-04
4.150000000000000000e+03 1.191780000000000031e-04
4.155000000000000000e+03 1.063799999999999945e-04
4.160000000000000000e+03 9.475040000000000003e-05
4.165000000000000000e+03 8.653209999999999776e-05
4.170000000000000000e+03 7.870749999999999817e-05
4.175000000000000000e+03 6.975860000000000665e-05
4.180000000000000000e+03 6.120309999999999683e-05
4.185000000000000000e+03 5.604790000000000255e-05
4.190000000000000000e+03 5.128260000000000262e-05
4.195000000000000000e+03 4.539319999999999765e-05
4.200000000000000000e+03 3.971180000000000153e-05
4.205000000000000000e+03 3.633750000000000234e-05
4.210000000000000000e+03 3.335029999999999814e-05
4.215000000000000000e+03 3.035550000000000100e-05
4.220000000000000000e+03 2.735330000000000118e-05
4.225000000000000000e+03 2.434310000000000076e-05
4.230000000000000000e+03 2.151670000000000018e-05
4.235000000000000000e+03 1.982630000000000023e-05
4.240000000000000000e+03 1.832310000000000080e-05
4.245000000000000000e+03 1.681589999999999938e-05
4.250000000000000000e+03 1.530520000000000044e-05
4.255000000000000000e+03 1.379080000000000017e-05
4.260000000000000000e+03 1.246610000000000081e-05
4.265000000000000000e+03 1.228709999999999964e-05
4.270000000000000000e+03 1.210639999999999983e-05
4.275000000000000000e+03 1.077579999999999939e-05
4.280000000000000000e+03 9.443190000000000638e-06
4.285000000000000000e+03 9.257640000000000357e-06
4.290000000000000000e+03 9.268089999999999553e-06
4.295000000000000000e+03 9.278529999999999745e-06
4.300000000000000000e+03 9.091649999999999596e-06
4.305000000000000000e+03 7.749309999999999502e-06
4.310000000000000000e+03 6.400509999999999812e-06
4.315000000000000000e+03 6.213200000000000076e-06
4.320000000000000000e+03 6.220049999999999849e-06
4.325000000000000000e+03 6.226889999999999770e-06
4.330000000000000000e+03 6.233729999999999691e-06
4.335000000000000000e+03 6.240569999999999612e-06
4.340000000000000000e+03 6.247389999999999828e-06
4.345000000000000000e+03 6.254130000000000377e-06
4.350000000000000000e+03 6.260839999999999674e-06
4.355000000000000000e+03 6.267489999999999856e-06
4.360000000000000000e+03 6.274130000000000185e-06
4.365000000000000000e+03 6.280829999999999630e-06
4.370000000000000000e+03 6.287539999999999774e-06
4.375000000000000000e+03 6.294160000000000398e-06
4.380000000000000000e+03 6.300780000000000176e-06
4.385000000000000000e+03 6.307390000000000101e-06
4.390000000000000000e+03 6.313990000000000173e-06
4.395000000000000000e+03 6.320509999999999731e-06
4.400000000000000000e+03 6.327030000000000136e-06
4.405000000000000000e+03 6.333609999999999657e-06
4.410000000000000000e+03 6.340199999999999876e-06
4.415000000000000000e+03 6.346699999999999729e-06
4.420000000000000000e+03 6.353199999999999582e-06
4.425000000000000000e+03 6.359700000000000283e-06
4.430000000000000000e+03 6.366179999999999584e-06
4.435000000000000000e+03 6.372580000000000064e-06
4.440000000000000000e+03 6.378979999999999698e-06
4.445000000000000000e+03 6.385449999999999994e-06
4.450000000000000000e+03 6.391909999999999590e-06
4.455000000000000000e+03 6.398300000000000218e-06
4.460000000000000000e+03 6.404680000000000147e-06
4.465000000000000000e+03 6.411060000000000075e-06
4.470000000000000000e+03 6.417430000000000152e-06
4.475000000000000000e+03 6.423800000000000228e-06
4.480000000000000000e+03 6.430170000000000304e-06
4.485000000000000000e+03 6.436540000000000380e-06
4.490000000000000000e+03 6.442909999999999610e-06
4.495000000000000000e+03 6.449269999999999833e-06
4.500000000000000000e+03 6.458950000000000222e-06
4.505000000000000000e+03 6.487969999999999988e-06
4.510000000000000000e+03 6.520309999999999919e-06
4.515000000000000000e+03 6.552589999999999888e-06
4.520000000000000000e+03 6.584869999999999856e-06
4.525000000000000000e+03 6.617219999999999640e-06
4.530000000000000000e+03 6.649589999999999975e-06
4.535000000000000000e+03 6.681889999999999649e-06
4.540000000000000000e+03 6.714190000000000170e-06
4.545000000000000000e+03 6.746489999999999844e-06
4.550000000000000000e+03 6.778810000000000070e-06
4.555000000000000000e+03 6.811209999999999963e-06
4.560000000000000000e+03 6.843619999999999708e-06
4.565000000000000000e+03 6.875970000000000339e-06
4.570000000000000000e+03 6.908300000000000417e-06
4.575000000000000000e+03 6.940650000000000201e-06
4.580000000000000000e+03 6.972999999999999984e-06
4.585000000000000000e+03 7.005349999999999768e-06
4.590000000000000000e+03 7.037720000000000103e-06
4.595000000000000000e+03 7.070089999999999592e-06
4.600000000000000000e+03 7.102459999999999927e-06
4.605000000000000000e+03 7.134849999999999968e-06
4.610000000000000000e+03 7.167240000000000008e-06
4.615000000000000000e+03 7.199639999999999901e-06
4.620000000000000000e+03 7.232039999999999794e-06
4.625000000000000000e+03 7.264350000000000168e-06
4.630000000000000000e+03 7.063280000000000075e-06
4.635000000000000000e+03 5.496109999999999628e-06
4.640000000000000000e+03 3.911120000000000257e-06
4.645000000000000000e+03 3.696979999999999796e-06
4.650000000000000000e+03 3.713210000000000147e-06
4.655000000000000000e+03 3.729429999999999799e-06
4.660000000000000000e+03 3.745649999999999874e-06
4.665000000000000000e+03 3.761839999999999968e-06
4.670000000000000000e+03 3.778030000000000062e-06
4.675000000000000000e+03 3.794259999999999990e-06
4.680000000000000000e+03 3.810500000000000193e-06
4.685000000000000000e+03 3.826750000000000250e-06
4.690000000000000000e+03 3.842989999999999606e-06
4.695000000000000000e+03 3.859190000000000400e-06
4.700000000000000000e+03 3.875400000000000199e-06
4.705000000000000000e+03 3.891650000000000255e-06
4.710000000000000000e+03 3.907910000000000164e-06
4.715000000000000000e+03 3.924119999999999963e-06
4.720000000000000000e+03 3.940339999999999614e-06
4.725000000000000000e+03 3.956610000000000223e-06
4.730000000000000000e+03 3.972879999999999984e-06
4.735000000000000000e+03 3.989110000000000335e-06
4.740000000000000000e+03 4.005339999999999839e-06
4.745000000000000000e+03 4.021620000000000300e-06
4.750000000000000000e+03 4.037899999999999914e-06
4.755000000000000000e+03 4.054140000000000117e-06
4.760000000000000000e+03 4.070380000000000321e-06
4.765000000000000000e+03 4.086669999999999787e-06
4.770000000000000000e+03 4.102969999999999953e-06
4.775000000000000000e+03 4.119279999999999971e-06
4.780000000000000000e+03 4.135580000000000137e-06
4.785000000000000000e+03 4.151840000000000046e-06
4.790000000000000000e+03 4.168109999999999807e-06
4.795000000000000000e+03 4.184419999999999825e-06
4.800000000000000000e+03 4.200739999999999696e-06
4.805000000000000000e+03 4.217070000000000267e-06
4.810000000000000000e+03 3.964130000000000279e-06
4.815000000000000000e+03 2.124199999999999923e-06
4.820000000000000000e+03 5.427219999999999810e-07
4.825000000000000000e+03 2.141949999999999880e-06
4.830000000000000000e+03 3.750580000000000012e-06
4.835000000000000000e+03 2.156870000000000069e-06
4.840000000000000000e+03 2.764000000000000133e-07
4.845000000000000000e+03 0.000000000000000000e+00
4.850000000000000000e+03 0.000000000000000000e+00
4.855000000000000000e+03 0.000000000000000000e+00
4.860000000000000000e+03 0.000000000000000000e+00
4.865000000000000000e+03 0.000000000000000000e+00
4.870000000000000000e+03 0.000000000000000000e+00
4.875000000000000000e+03 0.000000000000000000e+00
4.880000000000000000e+03 0.000000000000000000e+00
4.885000000000000000e+03 0.000000000000000000e+00
4.890000000000000000e+03 0.000000000000000000e+00
4.895000000000000000e+03 0.000000000000000000e+00
4.900000000000000000e+03 0.000000000000000000e+00
4.905000000000000000e+03 0.000000000000000000e+00
4.910000000000000000e+03 0.000000000000000000e+00
4.915000000000000000e+03 0.000000000000000000e+00
4.920000000000000000e+03 0.000000000000000000e+00
4.925000000000000000e+03 0.000000000000000000e+00
4.930000000000000000e+03 0.000000000000000000e+00
4.935000000000000000e+03 0.000000000000000000e+00
4.940000000000000000e+03 0.000000000000000000e+00
4.945000000000000000e+03 0.000000000000000000e+00
4.950000000000000000e+03 0.000000000000000000e+00
4.955000000000000000e+03 0.000000000000000000e+00
4.960000000000000000e+03 0.000000000000000000e+00
4.965000000000000000e+03 0.000000000000000000e+00
4.970000000000000000e+03 0.000000000000000000e+00
4.975000000000000000e+03 0.000000000000000000e+00
4.980000000000000000e+03 0.000000000000000000e+00
4.985000000000000000e+03 0.000000000000000000e+00
4.990000000000000000e+03 0.000000000000000000e+00
4.995000000000000000e+03 0.000000000000000000e+00
5.000000000000000000e+03 0.000000000000000000e+00
5.005000000000000000e+03 0.000000000000000000e+00
5.010000000000000000e+03 0.000000000000000000e+00
5.015000000000000000e+03 0.000000000000000000e+00
5.020000000000000000e+03 0.000000000000000000e+00
5.025000000000000000e+03 0.000000000000000000e+00
5.030000000000000000e+03 0.000000000000000000e+00
5.035000000000000000e+03 0.000000000000000000e+00
5.040000000000000000e+03 0.000000000000000000e+00
5.045000000000000000e+03 0.000000000000000000e+00
5.050000000000000000e+03 0.000000000000000000e+00
5.055000000000000000e+03 0.000000000000000000e+00
5.060000000000000000e+03 0.000000000000000000e+00
5.065000000000000000e+03 0.000000000000000000e+00
5.070000000000000000e+03 0.000000000000000000e+00
5.075000000000000000e+03 0.000000000000000000e+00
5.080000000000000000e+03 0.000000000000000000e+00
5.085000000000000000e+03 0.000000000000000000e+00
5.090000000000000000e+03 0.000000000000000000e+00
5.095000000000000000e+03 0.000000000000000000e+00
5.100000000000000000e+03 1.071649999999999938e-07
5.105000000000000000e+03 8.377439999999999873e-07
5.110000000000000000e+03 1.573019999999999933e-06
5.115000000000000000e+03 1.676640000000000010e-06
5.120000000000000000e+03 1.671970000000000062e-06
5.125000000000000000e+03 1.667230000000000087e-06
5.130000000000000000e+03 1.662390000000000104e-06
5.135000000000000000e+03 1.657459999999999967e-06
5.140000000000000000e+03 1.652449999999999951e-06
5.145000000000000000e+03 1.647369999999999908e-06
5.150000000000000000e+03 1.642220000000000050e-06
5.155000000000000000e+03 1.636990000000000102e-06
5.160000000000000000e+03 1.631669999999999999e-06
5.165000000000000000e+03 1.626270000000000017e-06
5.170000000000000000e+03 1.620789999999999944e-06
5.175000000000000000e+03 1.615229999999999992e-06
5.180000000000000000e+03 1.609580000000000097e-06
5.185000000000000000e+03 1.603829999999999982e-06
5.190000000000000000e+03 1.598010000000000053e-06
5.195000000000000000e+03 1.592110000000000034e-06
5.200000000000000000e+03 1.587389999999999975e-06
5.205000000000000000e+03 1.589970000000000042e-06
5.210000000000000000e+03 1.593800000000000097e-06
5.215000000000000000e+03 1.597629999999999940e-06
5.220000000000000000e+03 1.601440000000000078e-06
5.225000000000000000e+03 1.605230000000000088e-06
5.230000000000000000e+03 1.609010000000000033e-06
5.235000000000000000e+03 1.612770000000000061e-06
5.240000000000000000e+03 1.616520000000000025e-06
5.245000000000000000e+03 1.620259999999999925e-06
5.250000000000000000e+03 1.623989999999999972e-06
5.255000000000000000e+03 1.627730000000000084e-06
5.260000000000000000e+03 1.631450000000000067e-06
5.265000000000000000e+03 1.635119999999999940e-06
5.270000000000000000e+03 1.638779999999999961e-06
5.275000000000000000e+03 1.642450000000000046e-06
5.280000000000000000e+03 1.646100000000000003e-06
5.285000000000000000e+03 1.649749999999999959e-06
5.290000000000000000e+03 1.653379999999999999e-06
5.295000000000000000e+03 1.656980000000000058e-06
5.300000000000000000e+03 1.659520000000000079e-06
5.305000000000000000e+03 1.655879999999999975e-06
5.310000000000000000e+03 1.651120000000000084e-06
5.315000000000000000e+03 1.646329999999999999e-06
5.320000000000000000e+03 1.641460000000000035e-06
5.325000000000000000e+03 1.636480000000000000e-06
5.330000000000000000e+03 1.631440000000000003e-06
5.335000000000000000e+03 1.626349999999999896e-06
5.340000000000000000e+03 1.621200000000000038e-06
5.345000000000000000e+03 1.615970000000000090e-06
5.350000000000000000e+03 1.610679999999999968e-06
5.355000000000000000e+03 1.605309999999999967e-06
5.360000000000000000e+03 1.599860000000000086e-06
5.365000000000000000e+03 1.594350000000000033e-06
5.370000000000000000e+03 1.588769999999999952e-06
5.375000000000000000e+03 1.583109999999999993e-06
5.380000000000000000e+03 1.577380000000000007e-06
5.385000000000000000e+03 1.571599999999999912e-06
5.390000000000000000e+03 1.565750000000000001e-06
5.395000000000000000e+03 1.559820000000000001e-06
5.400000000000000000e+03 1.554070000000000098e-06
5.405000000000000000e+03 1.549729999999999941e-06
5.410000000000000000e+03 1.545600000000000076e-06
5.415000000000000000e+03 1.541410000000000036e-06
5.420000000000000000e+03 1.537160000000000035e-06
5.425000000000000000e+03 1.532850000000000071e-06
5.430000000000000000e+03 1.528470000000000081e-06
5.435000000000000000e+03 1.524039999999999981e-06
5.440000000000000000e+03 1.519549999999999919e-06
5.445000000000000000e+03 1.515009999999999959e-06
5.450000000000000000e+03 1.510410000000000037e-06
5.455000000000000000e+03 1.505749999999999941e-06
5.460000000000000000e+03 1.501020000000000030e-06
5.465000000000000000e+03 1.496240000000000010e-06
5.470000000000000000e+03 1.491410000000000091e-06
5.475000000000000000e+03 1.486500000000000083e-06
5.480000000000000000e+03 1.481539999999999964e-06
5.485000000000000000e+03 1.476520000000000095e-06
5.490000000000000000e+03 1.471449999999999905e-06
5.495000000000000000e+03 1.466330000000000028e-06
5.500000000000000000e+03 1.461179999999999959e-06
5.505000000000000000e+03 1.456160000000000090e-06
5.510000000000000000e+03 1.451129999999999945e-06
5.515000000000000000e+03 1.446040000000000050e-06
5.520000000000000000e+03 1.440909999999999897e-06
5.525000000000000000e+03 1.435730000000000059e-06
5.530000000000000000e+03 1.430499999999999899e-06
5.535000000000000000e+03 1.425199999999999924e-06
5.540000000000000000e+03 1.419850000000000052e-06
5.545000000000000000e+03 1.414440000000000005e-06
5.550000000000000000e+03 1.408980000000000061e-06
5.555000000000000000e+03 1.403480000000000071e-06
5.560000000000000000e+03 1.397929999999999972e-06
5.565000000000000000e+03 1.392319999999999910e-06
5.570000000000000000e+03 1.386659999999999951e-06
5.575000000000000000e+03 1.380959999999999946e-06
5.580000000000000000e+03 1.375199999999999979e-06
5.585000000000000000e+03 1.369380000000000050e-06
5.590000000000000000e+03 1.363510000000000012e-06
5.595000000000000000e+03 1.357590000000000075e-06
5.600000000000000000e+03 1.351439999999999931e-06
5.605000000000000000e+03 1.344199999999999980e-06
5.610000000000000000e+03 1.336749999999999949e-06
5.615000000000000000e+03 1.329280000000000002e-06
5.620000000000000000e+03 1.321780000000000074e-06
5.625000000000000000e+03 1.314240000000000100e-06
5.630000000000000000e+03 1.306660000000000082e-06
5.635000000000000000e+03 1.299059999999999934e-06
5.640000000000000000e+03 1.291419999999999953e-06
5.645000000000000000e+03 1.283769999999999908e-06
5.650000000000000000e+03 1.276080000000000029e-06
5.655000000000000000e+03 1.268370000000000021e-06
5.660000000000000000e+03 1.260630000000000033e-06
5.665000000000000000e+03 1.252860000000000063e-06
5.670000000000000000e+03 1.245059999999999901e-06
5.675000000000000000e+03 1.237229999999999969e-06
5.680000000000000000e+03 1.229359999999999992e-06
5.685000000000000000e+03 1.221470000000000098e-06
5.690000000000000000e+03 1.213550000000000011e-06
5.695000000000000000e+03 1.205599999999999943e-06
5.700000000000000000e+03 1.197629999999999958e-06
5.705000000000000000e+03 1.189629999999999992e-06
5.710000000000000000e+03 1.181600000000000046e-06
5.715000000000000000e+03 1.173539999999999906e-06
5.720000000000000000e+03 1.165460000000000061e-06
5.725000000000000000e+03 1.157350000000000024e-06
5.730000000000000000e+03 1.149220000000000069e-06
5.735000000000000000e+03 1.141059999999999922e-06
5.740000000000000000e+03 1.132870000000000006e-06
5.745000000000000000e+03 1.124640000000000044e-06
5.750000000000000000e+03 1.116380000000000101e-06
5.755000000000000000e+03 1.108110000000000094e-06
5.760000000000000000e+03 1.099819999999999958e-06
5.765000000000000000e+03 1.091500000000000053e-06
5.770000000000000000e+03 1.083149999999999955e-06
5.775000000000000000e+03 1.074760000000000023e-06
5.780000000000000000e+03 1.066349999999999963e-06
5.785000000000000000e+03 1.057919999999999986e-06
5.790000000000000000e+03 1.049460000000000028e-06
5.795000000000000000e+03 1.040970000000000089e-06
5.800000000000000000e+03 1.033460000000000097e-06
5.805000000000000000e+03 1.031849999999999912e-06
5.810000000000000000e+03 1.031229999999999951e-06
5.815000000000000000e+03 1.030599999999999924e-06
5.820000000000000000e+03 1.029960000000000046e-06
5.825000000000000000e+03 1.029330000000000020e-06
5.830000000000000000e+03 1.028689999999999929e-06
5.835000000000000000e+03 1.028039999999999986e-06
5.840000000000000000e+03 1.027379999999999979e-06
5.845000000000000000e+03 1.026719999999999972e-06
5.850000000000000000e+03 1.026059999999999964e-06
5.855000000000000000e+03 1.025380000000000040e-06
5.860000000000000000e+03 1.024690000000000052e-06
5.865000000000000000e+03 1.024009999999999916e-06
5.870000000000000000e+03 1.023319999999999928e-06
5.875000000000000000e+03 1.022629999999999940e-06
5.880000000000000000e+03 1.021930000000000099e-06
5.885000000000000000e+03 1.021230000000000046e-06
5.890000000000000000e+03 1.020510000000000077e-06
5.895000000000000000e+03 1.019799999999999960e-06
5.900000000000000000e+03 1.019250000000000025e-06
5.905000000000000000e+03 1.019720000000000081e-06
5.910000000000000000e+03 1.020370000000000024e-06
5.915000000000000000e+03 1.021019999999999967e-06
5.920000000000000000e+03 1.021669999999999910e-06
5.925000000000000000e+03 1.022310000000000000e-06
5.930000000000000000e+03 1.022940000000000026e-06
5.935000000000000000e+03 1.023579999999999905e-06
5.940000000000000000e+03 1.024219999999999996e-06
5.945000000000000000e+03 1.024860000000000086e-06
5.950000000000000000e+03 1.025499999999999965e-06
5.955000000000000000e+03 1.026129999999999991e-06
5.960000000000000000e+03 1.026760000000000017e-06
5.965000000000000000e+03 1.027399999999999896e-06
5.970000000000000000e+03 1.028039999999999986e-06
5.975000000000000000e+03 1.028659999999999948e-06
5.980000000000000000e+03 1.029279999999999910e-06
5.985000000000000000e+03 1.029909999999999936e-06
5.990000000000000000e+03 1.030539999999999962e-06
5.995000000000000000e+03 1.031159999999999924e-06
6.000000000000000000e+03 1.031269999999999996e-06
6.005000000000000000e+03 1.028310000000000028e-06
6.010000000000000000e+03 1.024839999999999957e-06
6.015000000000000000e+03 1.021370000000000099e-06
6.020000000000000000e+03 1.017910000000000093e-06
6.025000000000000000e+03 1.014440000000000023e-06
6.030000000000000000e+03 1.010980000000000017e-06
6.035000000000000000e+03 1.007509999999999947e-06
6.040000000000000000e+03 1.004030000000000025e-06
6.045000000000000000e+03 1.000559999999999954e-06
6.050000000000000000e+03 9.970820000000000870e-07
6.055000000000000000e+03 9.936150000000000997e-07
6.060000000000000000e+03 9.901460000000000572e-07
6.065000000000000000e+03 9.866599999999999690e-07
6.070000000000000000e+03 9.831730000000000649e-07
6.075000000000000000e+03 9.796970000000000409e-07
6.080000000000000000e+03 9.762220000000000445e-07
6.085000000000000000e+03 9.727429999999999377e-07
6.090000000000000000e+03 9.692630000000000151e-07
6.095000000000000000e+03 9.657810000000000372e-07
6.100000000000000000e+03 9.625489999999999723e-07
6.105000000000000000e+03 9.607699999999999932e-07
6.110000000000000000e+03 9.592399999999998995e-07
6.115000000000000000e+03 9.577059999999999070e-07
6.120000000000000000e+03 9.561700000000000712e-07
6.125000000000000000e+03 9.546369999999998946e-07
6.130000000000000000e+03 9.531019999999999804e-07
6.135000000000000000e+03 9.515629999999999559e-07
6.140000000000000000e+03 9.500240000000000372e-07
6.145000000000000000e+03 9.484979999999999479e-07
6.150000000000000000e+03 9.469710000000000428e-07
6.155000000000000000e+03 9.454280000000000137e-07
6.160000000000000000e+03 9.438820000000000077e-07
6.165000000000000000e+03 9.423379999999999510e-07
6.170000000000000000e+03 9.407929999999999726e-07
6.175000000000000000e+03 9.392439999999999896e-07
6.180000000000000000e+03 9.376929999999999514e-07
6.185000000000000000e+03 9.361439999999999685e-07
6.190000000000000000e+03 9.345939999999999579e-07
6.195000000000000000e+03 9.330400000000000487e-07
6.200000000000000000e+03 9.317270000000000157e-07
6.205000000000000000e+03 9.318240000000000462e-07
6.210000000000000000e+03 9.321610000000000313e-07
6.215000000000000000e+03 9.324839999999999476e-07
6.220000000000000000e+03 9.328069999999999697e-07
6.225000000000000000e+03 9.331430000000000331e-07
6.230000000000000000e+03 9.334779999999999630e-07
6.235000000000000000e+03 9.337990000000000358e-07
6.240000000000000000e+03 9.341189999999999751e-07
6.245000000000000000e+03 9.344519999999999557e-07
6.250000000000000000e+03 9.347859999999999638e-07
6.255000000000000000e+03 9.351049999999999815e-07
6.260000000000000000e+03 9.354210000000000221e-07
6.265000000000000000e+03 9.357269999999999985e-07
6.270000000000000000e+03 9.360340000000000026e-07
6.275000000000000000e+03 9.363469999999999604e-07
6.280000000000000000e+03 9.366600000000000242e-07
6.285000000000000000e+03 9.369649999999999730e-07
6.290000000000000000e+03 9.372690000000000000e-07
6.295000000000000000e+03 9.375679999999999950e-07
6.300000000000000000e+03 9.376399999999999707e-07
6.305000000000000000e+03 9.363990000000000194e-07
6.310000000000000000e+03 9.349289999999999936e-07
6.315000000000000000e+03 9.334439999999999774e-07
6.320000000000000000e+03 9.319580000000000394e-07
6.325000000000000000e+03 9.304719999999999955e-07
6.330000000000000000e+03 9.289869999999999792e-07
6.335000000000000000e+03 9.274970000000000367e-07
6.340000000000000000e+03 9.260050000000000389e-07
6.345000000000000000e+03 9.245040000000000045e-07
6.350000000000000000e+03 9.230010000000000208e-07
6.355000000000000000e+03 9.214949999999999542e-07
6.360000000000000000e+03 9.199860000000000166e-07
6.365000000000000000e+03 9.184680000000000423e-07
6.370000000000000000e+03 9.169490000000000404e-07
6.375000000000000000e+03 9.154260000000000340e-07
6.380000000000000000e+03 9.139030000000000276e-07
6.385000000000000000e+03 9.123810000000000488e-07
6.390000000000000000e+03 9.108580000000000423e-07
6.395000000000000000e+03 9.093200000000000454e-07
6.400000000000000000e+03 9.096650000000000395e-07
6.405000000000000000e+03 9.209680000000000184e-07
6.410000000000000000e+03 9.341579999999999929e-07
6.415000000000000000e+03 9.473460000000000181e-07
6.420000000000000000e+03 9.605319999999999881e-07
6.425000000000000000e+03 9.737070000000000779e-07
6.430000000000000000e+03 9.868799999999999008e-07
6.435000000000000000e+03 1.000050000000000064e-06
6.440000000000000000e+03 1.013220000000000016e-06
6.445000000000000000e+03 1.026389999999999968e-06
6.450000000000000000e+03 1.039550000000000067e-06
6.455000000000000000e+03 1.052700000000000102e-06
6.460000000000000000e+03 1.065859999999999990e-06
6.465000000000000000e+03 1.078980000000000044e-06
6.470000000000000000e+03 1.092109999999999950e-06
6.475000000000000000e+03 1.105230000000000004e-06
6.480000000000000000e+03 1.118350000000000058e-06
6.485000000000000000e+03 1.131469999999999900e-06
6.490000000000000000e+03 1.144580000000000102e-06
6.495000000000000000e+03 1.157669999999999963e-06
6.500000000000000000e+03 1.198760000000000022e-06
6.505000000000000000e+03 1.406229999999999960e-06
6.510000000000000000e+03 1.641109999999999903e-06
6.515000000000000000e+03 1.875349999999999968e-06
6.520000000000000000e+03 2.108970000000000071e-06
6.525000000000000000e+03 2.341909999999999826e-06
6.530000000000000000e+03 2.574219999999999978e-06
6.535000000000000000e+03 2.805870000000000124e-06
6.540000000000000000e+03 3.036859999999999838e-06
6.545000000000000000e+03 3.267229999999999803e-06
6.550000000000000000e+03 3.496940000000000183e-06
6.555000000000000000e+03 3.725970000000000005e-06
6.560000000000000000e+03 3.954339999999999819e-06
6.565000000000000000e+03 4.182090000000000307e-06
6.570000000000000000e+03 4.409169999999999664e-06
6.575000000000000000e+03 4.635490000000000065e-06
6.580000000000000000e+03 5.030040000000000379e-06
6.585000000000000000e+03 6.378540000000000258e-06
6.590000000000000000e+03 7.700369999999999595e-06
6.595000000000000000e+03 7.880870000000000662e-06
6.600000000000000000e+03 7.869630000000000410e-06
6.605000000000000000e+03 7.858309999999999644e-06
6.610000000000000000e+03 7.846969999999999174e-06
6.615000000000000000e+03 7.835549999999999883e-06
6.620000000000000000e+03 8.332310000000000527e-06
6.625000000000000000e+03 1.171880000000000035e-05
6.630000000000000000e+03 1.509939999999999980e-05
6.635000000000000000e+03 1.557999999999999991e-05
6.640000000000000000e+03 1.605600000000000010e-05
6.645000000000000000e+03 1.941700000000000061e-05
6.650000000000000000e+03 2.326669999999999867e-05
6.655000000000000000e+03 2.710379999999999959e-05
6.660000000000000000e+03 3.092960000000000284e-05
6.665000000000000000e+03 3.474409999999999825e-05
6.670000000000000000e+03 3.904889999999999810e-05
6.675000000000000000e+03 4.618699999999999672e-05
6.680000000000000000e+03 5.380430000000000255e-05
6.685000000000000000e+03 6.139819999999999772e-05
6.690000000000000000e+03 6.896919999999999689e-05
6.695000000000000000e+03 7.651599999999999721e-05
6.700000000000000000e+03 8.453770000000000208e-05
6.705000000000000000e+03 9.535419999999999584e-05
6.710000000000000000e+03 1.066339999999999958e-04
6.715000000000000000e+03 1.178790000000000008e-04
6.720000000000000000e+03 1.290890000000000104e-04
6.725000000000000000e+03 1.402660000000000018e-04
6.730000000000000000e+03 1.523890000000000075e-04
6.735000000000000000e+03 1.700689999999999873e-04
6.740000000000000000e+03 1.881820000000000086e-04
6.745000000000000000e+03 2.034539999999999938e-04
6.750000000000000000e+03 2.191499999999999872e-04
6.755000000000000000e+03 2.403840000000000078e-04
6.760000000000000000e+03 2.620379999999999736e-04
6.765000000000000000e+03 2.808260000000000248e-04
6.770000000000000000e+03 3.000519999999999793e-04
6.775000000000000000e+03 3.247430000000000043e-04
6.780000000000000000e+03 3.498369999999999778e-04
6.785000000000000000e+03 3.721029999999999846e-04
6.790000000000000000e+03 3.947709999999999783e-04
6.795000000000000000e+03 4.228650000000000247e-04
6.800000000000000000e+03 4.513629999999999812e-04
6.805000000000000000e+03 4.770029999999999865e-04
6.810000000000000000e+03 5.030370000000000154e-04
6.815000000000000000e+03 5.344790000000000305e-04
6.820000000000000000e+03 5.662809999999999675e-04
6.825000000000000000e+03 5.952620000000000480e-04
6.830000000000000000e+03 6.246319999999999650e-04
6.835000000000000000e+03 6.593159999999999603e-04
6.840000000000000000e+03 6.943680000000000034e-04
6.845000000000000000e+03 7.266090000000000222e-04
6.850000000000000000e+03 7.587429999999999826e-04
6.855000000000000000e+03 7.934660000000000497e-04
6.860000000000000000e+03 8.280810000000000427e-04
6.865000000000000000e+03 8.598780000000000095e-04
6.870000000000000000e+03 8.920189999999999717e-04
6.875000000000000000e+03 9.294699999999999490e-04
6.880000000000000000e+03 9.672629999999999987e-04
6.885000000000000000e+03 1.002230000000000005e-03
6.890000000000000000e+03 1.037090000000000060e-03
6.895000000000000000e+03 1.074510000000000092e-03
6.900000000000000000e+03 1.110890000000000011e-03
6.905000000000000000e+03 1.139140000000000074e-03
6.910000000000000000e+03 1.167309999999999962e-03
6.915000000000000000e+03 1.203340000000000009e-03
6.920000000000000000e+03 1.239709999999999987e-03
6.925000000000000000e+03 1.270690000000000101e-03
6.930000000000000000e+03 1.301110000000000070e-03
6.935000000000000000e+03 1.334069999999999917e-03
6.940000000000000000e+03 1.366459999999999897e-03
6.945000000000000000e+03 1.393490000000000050e-03
6.950000000000000000e+03 1.419970000000000000e-03
6.955000000000000000e+03 1.448960000000000005e-03
6.960000000000000000e+03 1.477870000000000052e-03
6.965000000000000000e+03 1.504090000000000028e-03
6.970000000000000000e+03 1.529310000000000088e-03
6.975000000000000000e+03 1.551859999999999958e-03
6.980000000000000000e+03 1.573420000000000070e-03
6.985000000000000000e+03 1.592319999999999933e-03
6.990000000000000000e+03 1.611149999999999995e-03
6.995000000000000000e+03 1.632500000000000053e-03
7.000000000000000000e+03 1.653619999999999960e-03
7.005000000000000000e+03 1.671060000000000037e-03
7.010000000000000000e+03 1.687370000000000102e-03
7.015000000000000000e+03 1.700979999999999940e-03
7.020000000000000000e+03 1.714079999999999987e-03
7.025000000000000000e+03 1.727119999999999957e-03
7.030000000000000000e+03 1.740540000000000056e-03
7.035000000000000000e+03 1.756439999999999954e-03
7.040000000000000000e+03 1.771790000000000084e-03
7.045000000000000000e+03 1.782020000000000045e-03
7.050000000000000000e+03 1.791300000000000010e-03
7.055000000000000000e+03 1.800539999999999996e-03
7.060000000000000000e+03 1.809730000000000063e-03
7.065000000000000000e+03 1.818860000000000051e-03
7.070000000000000000e+03 1.827929999999999963e-03
7.075000000000000000e+03 1.836949999999999954e-03
7.080000000000000000e+03 1.845480000000000037e-03
7.085000000000000000e+03 1.851470000000000025e-03
7.090000000000000000e+03 1.856999999999999927e-03
7.095000000000000000e+03 1.862520000000000104e-03
7.100000000000000000e+03 1.867989999999999928e-03
7.105000000000000000e+03 1.873429999999999930e-03
7.110000000000000000e+03 1.877959999999999916e-03
7.115000000000000000e+03 1.877600000000000102e-03
7.120000000000000000e+03 1.877229999999999914e-03
7.125000000000000000e+03 1.881690000000000099e-03
7.130000000000000000e+03 1.885729999999999958e-03
7.135000000000000000e+03 1.882449999999999922e-03
7.140000000000000000e+03 1.878780000000000033e-03
7.145000000000000000e+03 1.879900000000000104e-03
7.150000000000000000e+03 1.880989999999999919e-03
7.155000000000000000e+03 1.877329999999999971e-03
7.160000000000000000e+03 1.872830000000000024e-03
7.165000000000000000e+03 1.868330000000000077e-03
7.170000000000000000e+03 1.863450000000000002e-03
7.175000000000000000e+03 1.856210000000000065e-03
7.180000000000000000e+03 1.848999999999999949e-03
7.185000000000000000e+03 1.844139999999999972e-03
7.190000000000000000e+03 1.839279999999999995e-03
7.195000000000000000e+03 1.832129999999999957e-03
7.200000000000000000e+03 1.824590000000000066e-03
7.205000000000000000e+03 1.817059999999999899e-03
7.210000000000000000e+03 1.809559999999999988e-03
7.215000000000000000e+03 1.802089999999999899e-03
7.220000000000000000e+03 1.794229999999999957e-03
7.225000000000000000e+03 1.784109999999999993e-03
7.230000000000000000e+03 1.774020000000000067e-03
7.235000000000000000e+03 1.766259999999999965e-03
7.240000000000000000e+03 1.758510000000000021e-03
7.245000000000000000e+03 1.748519999999999935e-03
7.250000000000000000e+03 1.738170000000000036e-03
7.255000000000000000e+03 1.727849999999999959e-03
7.260000000000000000e+03 1.717180000000000008e-03
7.265000000000000000e+03 1.704269999999999917e-03
7.270000000000000000e+03 1.691019999999999893e-03
7.275000000000000000e+03 1.677850000000000045e-03
7.280000000000000000e+03 1.665110000000000028e-03
7.285000000000000000e+03 1.654660000000000072e-03
7.290000000000000000e+03 1.644630000000000007e-03
7.295000000000000000e+03 1.634660000000000019e-03
7.300000000000000000e+03 1.623939999999999932e-03
7.305000000000000000e+03 1.608819999999999955e-03
7.310000000000000000e+03 1.593760000000000055e-03
7.315000000000000000e+03 1.583210000000000043e-03
7.320000000000000000e+03 1.573860000000000059e-03
7.325000000000000000e+03 1.566719999999999962e-03
7.330000000000000000e+03 1.558850000000000079e-03
7.335000000000000000e+03 1.544419999999999907e-03
7.340000000000000000e+03 1.529310000000000088e-03
7.345000000000000000e+03 1.516420000000000094e-03
7.350000000000000000e+03 1.504350000000000001e-03
7.355000000000000000e+03 1.494509999999999892e-03
7.360000000000000000e+03 1.483930000000000058e-03
7.365000000000000000e+03 1.466950000000000068e-03
7.370000000000000000e+03 1.450019999999999998e-03
7.375000000000000000e+03 1.439610000000000022e-03
7.380000000000000000e+03 1.429600000000000055e-03
7.385000000000000000e+03 1.415379999999999937e-03
7.390000000000000000e+03 1.401209999999999956e-03
7.395000000000000000e+03 1.391359999999999906e-03
7.400000000000000000e+03 1.381920000000000023e-03
7.405000000000000000e+03 1.370420000000000015e-03
7.410000000000000000e+03 1.358959999999999986e-03
7.415000000000000000e+03 1.349630000000000100e-03
7.420000000000000000e+03 1.339979999999999947e-03
7.425000000000000000e+03 1.326169999999999996e-03
7.430000000000000000e+03 1.312070000000000033e-03
7.435000000000000000e+03 1.300109999999999938e-03
7.440000000000000000e+03 1.288580000000000107e-03
7.445000000000000000e+03 1.277069999999999941e-03
7.450000000000000000e+03 1.265980000000000100e-03
7.455000000000000000e+03 1.257010000000000028e-03
7.460000000000000000e+03 1.248069999999999995e-03
7.465000000000000000e+03 1.237110000000000033e-03
7.470000000000000000e+03 1.225839999999999959e-03
7.475000000000000000e+03 1.214610000000000082e-03
7.480000000000000000e+03 1.203419999999999967e-03
7.485000000000000000e+03 1.192279999999999989e-03
7.490000000000000000e+03 1.181189999999999931e-03
7.495000000000000000e+03 1.170159999999999950e-03
7.500000000000000000e+03 1.159169999999999949e-03
7.505000000000000000e+03 1.148219999999999926e-03
7.510000000000000000e+03 1.137320000000000041e-03
7.515000000000000000e+03 1.126470000000000075e-03
7.520000000000000000e+03 1.116009999999999962e-03
7.525000000000000000e+03 1.107579999999999936e-03
7.530000000000000000e+03 1.099200000000000047e-03
7.535000000000000000e+03 1.088839999999999990e-03
7.540000000000000000e+03 1.078890000000000101e-03
7.545000000000000000e+03 1.072919999999999994e-03
7.550000000000000000e+03 1.066619999999999895e-03
7.555000000000000000e+03 1.054459999999999903e-03
7.560000000000000000e+03 1.041629999999999986e-03
7.565000000000000000e+03 1.030829999999999941e-03
7.570000000000000000e+03 1.020410000000000024e-03
7.575000000000000000e+03 1.010030000000000086e-03
7.580000000000000000e+03 1.000739999999999963e-03
7.585000000000000000e+03 9.972720000000000022e-04
7.590000000000000000e+03 9.938209999999999839e-04
7.595000000000000000e+03 9.846080000000000977e-04
7.600000000000000000e+03 9.747339999999999954e-04
7.605000000000000000e+03 9.668310000000000272e-04
7.610000000000000000e+03 9.589620000000000522e-04
7.615000000000000000e+03 9.491950000000000083e-04
7.620000000000000000e+03 9.394769999999999770e-04
7.625000000000000000e+03 9.316969999999999939e-04
7.630000000000000000e+03 9.239450000000000180e-04
7.635000000000000000e+03 9.143390000000000154e-04
7.640000000000000000e+03 9.051060000000000312e-04
7.645000000000000000e+03 8.996670000000000448e-04
7.650000000000000000e+03 8.942600000000000202e-04
7.655000000000000000e+03 8.851090000000000260e-04
7.660000000000000000e+03 8.759739999999999584e-04
7.665000000000000000e+03 8.706610000000000044e-04
7.670000000000000000e+03 8.653480000000000503e-04
7.675000000000000000e+03 8.563279999999999503e-04
7.680000000000000000e+03 8.473530000000000168e-04
7.685000000000000000e+03 8.421019999999999547e-04
7.690000000000000000e+03 8.371949999999999965e-04
7.695000000000000000e+03 8.304760000000000223e-04
7.700000000000000000e+03 8.234559999999999710e-04
7.705000000000000000e+03 8.164620000000000037e-04
7.710000000000000000e+03 8.094960000000000436e-04
7.715000000000000000e+03 8.025579999999999823e-04
7.720000000000000000e+03 7.959689999999999951e-04
7.725000000000000000e+03 7.912140000000000449e-04
7.730000000000000000e+03 7.864799999999999916e-04
7.735000000000000000e+03 7.799550000000000363e-04
7.740000000000000000e+03 7.731399999999999601e-04
7.745000000000000000e+03 7.663550000000000310e-04
7.750000000000000000e+03 7.598999999999999852e-04
7.755000000000000000e+03 7.552770000000000533e-04
7.760000000000000000e+03 7.506690000000000324e-04
7.765000000000000000e+03 7.442840000000000046e-04
7.770000000000000000e+03 7.379259999999999682e-04
7.775000000000000000e+03 7.333729999999999459e-04
7.780000000000000000e+03 7.291409999999999905e-04
7.785000000000000000e+03 7.249249999999999618e-04
7.790000000000000000e+03 7.201109999999999499e-04
7.795000000000000000e+03 7.118060000000000489e-04
7.800000000000000000e+03 7.035360000000000485e-04
7.805000000000000000e+03 6.987929999999999619e-04
7.810000000000000000e+03 6.946740000000000510e-04
7.815000000000000000e+03 6.905680000000000195e-04
7.820000000000000000e+03 6.861760000000000385e-04
7.825000000000000000e+03 6.800750000000000371e-04
7.830000000000000000e+03 6.742960000000000099e-04
7.835000000000000000e+03 6.719789999999999574e-04
7.840000000000000000e+03 6.696719999999999539e-04
7.845000000000000000e+03 6.639439999999999708e-04
7.850000000000000000e+03 6.579409999999999946e-04
7.855000000000000000e+03 6.536719999999999987e-04
7.860000000000000000e+03 6.497099999999999577e-04
7.865000000000000000e+03 6.457630000000000444e-04
7.870000000000000000e+03 6.418300000000000264e-04
7.875000000000000000e+03 6.379120000000000276e-04
7.880000000000000000e+03 6.340080000000000325e-04
7.885000000000000000e+03 6.301189999999999482e-04
7.890000000000000000e+03 6.262439999999999760e-04
7.895000000000000000e+03 6.223840000000000231e-04
7.900000000000000000e+03 6.182439999999999984e-04
7.905000000000000000e+03 6.124709999999999573e-04
7.910000000000000000e+03 6.067240000000000003e-04
7.915000000000000000e+03 6.026370000000000511e-04
7.920000000000000000e+03 5.991539999999999627e-04
7.925000000000000000e+03 5.973070000000000462e-04
7.930000000000000000e+03 5.954649999999999917e-04
7.935000000000000000e+03 5.920120000000000503e-04
7.940000000000000000e+03 5.882790000000000371e-04
7.945000000000000000e+03 5.845610000000000432e-04
7.950000000000000000e+03 5.808570000000000530e-04
7.955000000000000000e+03 5.771669999999999578e-04
7.960000000000000000e+03 5.737640000000000448e-04
7.965000000000000000e+03 5.719949999999999471e-04
7.970000000000000000e+03 5.702250000000000504e-04
7.975000000000000000e+03 5.668580000000000537e-04
7.980000000000000000e+03 5.632260000000000044e-04
7.985000000000000000e+03 5.596089999999999745e-04
7.990000000000000000e+03 5.534160000000000424e-04
7.995000000000000000e+03 5.330019999999999767e-04
8.000000000000000000e+03 5.127999999999999963e-04
8.005000000000000000e+03 5.076259999999999540e-04
8.010000000000000000e+03 5.051570000000000019e-04
8.015000000000000000e+03 5.026940000000000358e-04
8.020000000000000000e+03 5.002389999999999788e-04
8.025000000000000000e+03 4.977920000000000478e-04
8.030000000000000000e+03 4.953540000000000417e-04
8.035000000000000000e+03 4.929220000000000216e-04
8.040000000000000000e+03 4.904990000000000348e-04
8.045000000000000000e+03 4.880819999999999798e-04
8.050000000000000000e+03 4.856719999999999809e-04
8.055000000000000000e+03 4.832689999999999837e-04
8.060000000000000000e+03 4.808729999999999884e-04
8.065000000000000000e+03 4.784850000000000106e-04
8.070000000000000000e+03 4.761060000000000118e-04
8.075000000000000000e+03 4.737329999999999991e-04
8.080000000000000000e+03 4.713680000000000040e-04
8.085000000000000000e+03 4.690100000000000107e-04
8.090000000000000000e+03 4.666590000000000191e-04
8.095000000000000000e+03 4.643159999999999909e-04
8.100000000000000000e+03 4.620550000000000069e-04
8.105000000000000000e+03 4.602440000000000068e-04
8.110000000000000000e+03 4.585120000000000038e-04
8.115000000000000000e+03 4.567829999999999937e-04
8.120000000000000000e+03 4.550579999999999924e-04
8.125000000000000000e+03 4.533329999999999912e-04
8.130000000000000000e+03 4.516109999999999829e-04
8.135000000000000000e+03 4.498929999999999835e-04
8.140000000000000000e+03 4.481779999999999770e-04
8.145000000000000000e+03 4.464660000000000178e-04
8.150000000000000000e+03 4.447559999999999816e-04
8.155000000000000000e+03 4.430470000000000155e-04
8.160000000000000000e+03 4.413409999999999881e-04
8.165000000000000000e+03 4.396390000000000237e-04
8.170000000000000000e+03 4.379399999999999981e-04
8.175000000000000000e+03 4.362419999999999883e-04
8.180000000000000000e+03 4.345460000000000099e-04
8.185000000000000000e+03 4.328550000000000019e-04
8.190000000000000000e+03 4.311660000000000254e-04
8.195000000000000000e+03 4.294799999999999876e-04
8.200000000000000000e+03 4.278250000000000043e-04
8.205000000000000000e+03 4.263299999999999924e-04
8.210000000000000000e+03 4.248650000000000191e-04
8.215000000000000000e+03 4.234020000000000231e-04
8.220000000000000000e+03 4.219399999999999887e-04
8.225000000000000000e+03 4.204769999999999927e-04
8.230000000000000000e+03 4.190150000000000124e-04
8.235000000000000000e+03 4.175560000000000252e-04
8.240000000000000000e+03 4.160979999999999995e-04
8.245000000000000000e+03 4.146390000000000123e-04
8.250000000000000000e+03 4.131809999999999867e-04
8.255000000000000000e+03 4.117249999999999925e-04
8.260000000000000000e+03 4.102700000000000140e-04
8.265000000000000000e+03 4.088149999999999814e-04
8.270000000000000000e+03 4.073610000000000187e-04
8.275000000000000000e+03 4.059089999999999790e-04
8.280000000000000000e+03 4.044580000000000094e-04
8.285000000000000000e+03 4.030060000000000239e-04
8.290000000000000000e+03 4.015560000000000158e-04
8.295000000000000000e+03 4.001079999999999849e-04
8.300000000000000000e+03 3.986600000000000083e-04
8.305000000000000000e+03 3.972129999999999932e-04
8.310000000000000000e+03 3.957669999999999938e-04
8.315000000000000000e+03 3.943220000000000102e-04
8.320000000000000000e+03 3.928790000000000038e-04
8.325000000000000000e+03 3.914359999999999975e-04
8.330000000000000000e+03 3.899929999999999911e-04
8.335000000000000000e+03 3.885529999999999778e-04
8.340000000000000000e+03 3.871139999999999803e-04
8.345000000000000000e+03 3.856740000000000211e-04
8.350000000000000000e+03 3.843620000000000174e-04
8.355000000000000000e+03 3.837749999999999907e-04
8.360000000000000000e+03 3.833120000000000190e-04
8.365000000000000000e+03 3.828430000000000071e-04
8.370000000000000000e+03 3.823699999999999864e-04
8.375000000000000000e+03 3.818949999999999884e-04
8.380000000000000000e+03 3.814159999999999816e-04
8.385000000000000000e+03 3.809320000000000045e-04
8.390000000000000000e+03 3.804440000000000187e-04
8.395000000000000000e+03 3.799540000000000014e-04
8.400000000000000000e+03 3.794439999999999944e-04
8.405000000000000000e+03 3.788409999999999868e-04
8.410000000000000000e+03 3.782179999999999895e-04
8.415000000000000000e+03 3.775939999999999765e-04
8.420000000000000000e+03 3.769660000000000090e-04
8.425000000000000000e+03 3.763330000000000169e-04
8.430000000000000000e+03 3.756969999999999776e-04
8.435000000000000000e+03 3.750569999999999837e-04
8.440000000000000000e+03 3.744139999999999968e-04
8.445000000000000000e+03 3.737680000000000169e-04
8.450000000000000000e+03 3.731179999999999740e-04
8.455000000000000000e+03 3.724660000000000080e-04
8.460000000000000000e+03 3.718109999999999948e-04
8.465000000000000000e+03 3.711510000000000113e-04
8.470000000000000000e+03 3.704870000000000190e-04
8.475000000000000000e+03 3.698199999999999795e-04
8.480000000000000000e+03 3.691500000000000011e-04
8.485000000000000000e+03 3.684769999999999756e-04
8.490000000000000000e+03 3.678010000000000112e-04
8.495000000000000000e+03 3.671200000000000223e-04
8.500000000000000000e+03 3.664079999999999789e-04
8.505000000000000000e+03 3.655320000000000097e-04
8.510000000000000000e+03 3.646249999999999860e-04
8.515000000000000000e+03 3.637180000000000166e-04
8.520000000000000000e+03 3.628069999999999841e-04
8.525000000000000000e+03 3.618919999999999971e-04
8.530000000000000000e+03 3.609749999999999786e-04
8.535000000000000000e+03 3.600559999999999828e-04
8.540000000000000000e+03 3.591339999999999940e-04
8.545000000000000000e+03 3.582079999999999965e-04
8.550000000000000000e+03 3.572790000000000059e-04
8.555000000000000000e+03 3.563479999999999838e-04
8.560000000000000000e+03 3.554140000000000229e-04
8.565000000000000000e+03 3.544779999999999763e-04
8.570000000000000000e+03 3.535389999999999909e-04
8.575000000000000000e+03 3.525970000000000124e-04
8.580000000000000000e+03 3.516510000000000252e-04
8.585000000000000000e+03 3.507040000000000222e-04
8.590000000000000000e+03 3.497540000000000262e-04
8.595000000000000000e+03 3.488009999999999830e-04
8.600000000000000000e+03 3.478709999999999767e-04
8.605000000000000000e+03 3.470929999999999784e-04
8.610000000000000000e+03 3.463370000000000012e-04
8.615000000000000000e+03 3.455789999999999925e-04
8.620000000000000000e+03 3.448169999999999751e-04
8.625000000000000000e+03 3.440499999999999873e-04
8.630000000000000000e+03 3.432789999999999908e-04
8.635000000000000000e+03 3.425050000000000013e-04
8.640000000000000000e+03 3.417280000000000187e-04
8.645000000000000000e+03 3.409449999999999959e-04
8.650000000000000000e+03 3.401540000000000097e-04
8.655000000000000000e+03 3.393359999999999779e-04
8.660000000000000000e+03 3.385109999999999985e-04
8.665000000000000000e+03 3.376820000000000104e-04
8.670000000000000000e+03 3.368499999999999750e-04
8.675000000000000000e+03 3.360139999999999850e-04
8.680000000000000000e+03 3.351730000000000247e-04
8.685000000000000000e+03 3.343299999999999788e-04
8.690000000000000000e+03 3.334829999999999782e-04
8.695000000000000000e+03 3.326310000000000074e-04
8.700000000000000000e+03 3.317479999999999821e-04
8.705000000000000000e+03 3.307170000000000118e-04
8.710000000000000000e+03 3.296570000000000186e-04
8.715000000000000000e+03 3.285960000000000096e-04
8.720000000000000000e+03 3.275309999999999919e-04
8.725000000000000000e+03 3.264629999999999811e-04
8.730000000000000000e+03 3.253929999999999930e-04
8.735000000000000000e+03 3.243209999999999735e-04
8.740000000000000000e+03 3.232460000000000151e-04
8.745000000000000000e+03 3.221690000000000252e-04
8.750000000000000000e+03 3.210889999999999881e-04
8.755000000000000000e+03 3.200049999999999965e-04
8.760000000000000000e+03 3.189189999999999733e-04
8.765000000000000000e+03 3.178309999999999729e-04
8.770000000000000000e+03 3.167409999999999952e-04
8.775000000000000000e+03 3.156470000000000087e-04
8.780000000000000000e+03 3.145499999999999750e-04
8.785000000000000000e+03 3.134519999999999798e-04
8.790000000000000000e+03 3.123509999999999915e-04
8.795000000000000000e+03 3.112459999999999945e-04
8.800000000000000000e+03 3.101649999999999958e-04
8.805000000000000000e+03 3.092270000000000262e-04
8.810000000000000000e+03 3.083119999999999849e-04
8.815000000000000000e+03 3.073929999999999892e-04
8.820000000000000000e+03 3.064699999999999846e-04
8.825000000000000000e+03 3.055420000000000098e-04
8.830000000000000000e+03 3.046109999999999877e-04
8.835000000000000000e+03 3.036760000000000110e-04
8.840000000000000000e+03 3.027370000000000256e-04
8.845000000000000000e+03 3.017939999999999772e-04
8.850000000000000000e+03 3.008469999999999742e-04
8.855000000000000000e+03 2.998969999999999783e-04
8.860000000000000000e+03 2.989420000000000120e-04
8.865000000000000000e+03 2.979829999999999827e-04
8.870000000000000000e+03 2.970199999999999989e-04
8.875000000000000000e+03 2.960530000000000063e-04
8.880000000000000000e+03 2.950809999999999891e-04
8.885000000000000000e+03 2.941059999999999790e-04
8.890000000000000000e+03 2.931259999999999985e-04
8.895000000000000000e+03 2.921420000000000093e-04
8.900000000000000000e+03 2.911190000000000023e-04
8.905000000000000000e+03 2.898999999999999993e-04
8.910000000000000000e+03 2.886440000000000099e-04
8.915000000000000000e+03 2.873849999999999734e-04
8.920000000000000000e+03 2.861249999999999753e-04
8.925000000000000000e+03 2.848619999999999841e-04
8.930000000000000000e+03 2.835970000000000157e-04
8.935000000000000000e+03 2.823309999999999774e-04
8.940000000000000000e+03 2.810620000000000002e-04
8.945000000000000000e+03 2.797920000000000073e-04
8.950000000000000000e+03 2.785169999999999898e-04
8.955000000000000000e+03 2.772200000000000055e-04
8.960000000000000000e+03 2.759190000000000123e-04
8.965000000000000000e+03 2.746150000000000262e-04
8.970000000000000000e+03 2.733100000000000243e-04
8.975000000000000000e+03 2.720029999999999909e-04
8.980000000000000000e+03 2.706949999999999960e-04
8.985000000000000000e+03 2.693840000000000080e-04
8.990000000000000000e+03 2.680720000000000043e-04
8.995000000000000000e+03 2.667580000000000233e-04
9.000000000000000000e+03 2.654919999999999849e-04
9.005000000000000000e+03 2.645060000000000184e-04
9.010000000000000000e+03 2.635669999999999788e-04
9.015000000000000000e+03 2.626250000000000004e-04
9.020000000000000000e+03 2.616790000000000132e-04
9.025000000000000000e+03 2.607290000000000172e-04
9.030000000000000000e+03 2.597739999999999967e-04
9.035000000000000000e+03 2.588169999999999989e-04
9.040000000000000000e+03 2.578549999999999766e-04
9.045000000000000000e+03 2.568889999999999997e-04
9.050000000000000000e+03 2.559190000000000141e-04
9.055000000000000000e+03 2.549450000000000197e-04
9.060000000000000000e+03 2.539670000000000165e-04
9.065000000000000000e+03 2.529860000000000203e-04
9.070000000000000000e+03 2.520010000000000154e-04
9.075000000000000000e+03 2.510120000000000016e-04
9.080000000000000000e+03 2.500180000000000176e-04
9.085000000000000000e+03 2.490220000000000020e-04
9.090000000000000000e+03 2.480210000000000162e-04
9.095000000000000000e+03 2.470160000000000216e-04
9.100000000000000000e+03 2.459760000000000180e-04
9.105000000000000000e+03 2.447689999999999870e-04
9.110000000000000000e+03 2.435290000000000057e-04
9.115000000000000000e+03 2.422869999999999928e-04
9.120000000000000000e+03 2.410430000000000027e-04
9.125000000000000000e+03 2.397979999999999968e-04
9.130000000000000000e+03 2.385499999999999979e-04
9.135000000000000000e+03 2.373010000000000104e-04
9.140000000000000000e+03 2.360499999999999914e-04
9.145000000000000000e+03 2.347980000000000108e-04
9.150000000000000000e+03 2.335439999999999988e-04
9.155000000000000000e+03 2.322869999999999937e-04
9.160000000000000000e+03 2.310280000000000113e-04
9.165000000000000000e+03 2.297680000000000132e-04
9.170000000000000000e+03 2.285049999999999950e-04
9.175000000000000000e+03 2.272409999999999881e-04
9.180000000000000000e+03 2.259750000000000040e-04
9.185000000000000000e+03 2.247069999999999883e-04
9.190000000000000000e+03 2.234369999999999954e-04
9.195000000000000000e+03 2.221659999999999868e-04
9.200000000000000000e+03 2.209219999999999966e-04
9.205000000000000000e+03 2.198339999999999962e-04
9.210000000000000000e+03 2.187719999999999986e-04
9.215000000000000000e+03 2.177059999999999922e-04
9.220000000000000000e+03 2.166360000000000041e-04
9.225000000000000000e+03 2.155620000000000073e-04
9.230000000000000000e+03 2.144830000000000131e-04
9.235000000000000000e+03 2.134000000000000100e-04
9.240000000000000000e+03 2.123120000000000096e-04
9.245000000000000000e+03 2.112200000000000004e-04
9.250000000000000000e+03 2.101209999999999894e-04
9.255000000000000000e+03 2.090070000000000133e-04
9.260000000000000000e+03 2.078860000000000083e-04
9.265000000000000000e+03 2.067620000000000102e-04
9.270000000000000000e+03 2.056329999999999877e-04
9.275000000000000000e+03 2.045000000000000105e-04
9.280000000000000000e+03 2.033629999999999975e-04
9.285000000000000000e+03 2.022220000000000029e-04
9.290000000000000000e+03 2.010769999999999994e-04
9.295000000000000000e+03 1.999279999999999872e-04
9.300000000000000000e+03 1.987649999999999985e-04
9.305000000000000000e+03 1.975479999999999999e-04
9.310000000000000000e+03 1.963180000000000133e-04
9.315000000000000000e+03 1.950850000000000067e-04
9.320000000000000000e+03 1.938490000000000070e-04
9.325000000000000000e+03 1.926089999999999985e-04
9.330000000000000000e+03 1.913659999999999970e-04
9.335000000000000000e+03 1.901200000000000025e-04
9.340000000000000000e+03 1.891829999999999944e-04
9.345000000000000000e+03 0.000000000000000000e+00
9.350000000000000000e+03 0.000000000000000000e+00
