2.920000000000000000e+03 0.000000000000000000e+00
2.930000000000000000e+03 0.000000000000000000e+00
2.940000000000000000e+03 3.372389999999999850e-03
2.950000000000000000e+03 5.926569999999999928e-03
2.960000000000000000e+03 1.135809999999999945e-02
2.970000000000000000e+03 1.926189999999999847e-02
2.980000000000000000e+03 2.986609999999999959e-02
2.990000000000000000e+03 4.325600000000000278e-02
3.000000000000000000e+03 5.857480000000000325e-02
3.010000000000000000e+03 7.533910000000000606e-02
3.020000000000000000e+03 9.372270000000000600e-02
3.030000000000000000e+03 1.155869999999999953e-01
3.040000000000000000e+03 1.439840000000000009e-01
3.050000000000000000e+03 1.828269999999999895e-01
3.060000000000000000e+03 2.374999999999999889e-01
3.070000000000000000e+03 3.124600000000000155e-01
3.080000000000000000e+03 4.055250000000000243e-01
3.090000000000000000e+03 5.034049999999999914e-01
3.100000000000000000e+03 5.852650000000000352e-01
3.110000000000000000e+03 6.419089999999999518e-01
3.120000000000000000e+03 6.736550000000000038e-01
3.130000000000000000e+03 6.922409999999999952e-01
3.140000000000000000e+03 7.097809999999999953e-01
3.150000000000000000e+03 7.309989999999999544e-01
3.160000000000000000e+03 7.561989999999999545e-01
3.170000000000000000e+03 7.839129999999999709e-01
3.180000000000000000e+03 8.087159999999999904e-01
3.190000000000000000e+03 8.289119999999999822e-01
3.200000000000000000e+03 8.447649999999999881e-01
3.210000000000000000e+03 8.572710000000000052e-01
3.220000000000000000e+03 8.672560000000000269e-01
3.230000000000000000e+03 8.765830000000000011e-01
3.240000000000000000e+03 8.861900000000000333e-01
3.250000000000000000e+03 8.959449999999999914e-01
3.260000000000000000e+03 9.037469999999999670e-01
3.270000000000000000e+03 9.088039999999999452e-01
3.280000000000000000e+03 9.130409999999999915e-01
3.290000000000000000e+03 9.157300000000000439e-01
3.300000000000000000e+03 9.165799999999999503e-01
3.310000000000000000e+03 9.166279999999999983e-01
3.320000000000000000e+03 9.163139999999999619e-01
3.330000000000000000e+03 9.157699999999999729e-01
3.340000000000000000e+03 9.165119999999999933e-01
3.350000000000000000e+03 9.183200000000000252e-01
3.360000000000000000e+03 9.212179999999999813e-01
3.370000000000000000e+03 9.258119999999999683e-01
3.380000000000000000e+03 9.319300000000000361e-01
3.390000000000000000e+03 9.399769999999999515e-01
3.400000000000000000e+03 9.492159999999999487e-01
3.410000000000000000e+03 9.602549999999999697e-01
3.420000000000000000e+03 9.726989999999999803e-01
3.430000000000000000e+03 9.842610000000000525e-01
3.440000000000000000e+03 9.941039999999999877e-01
3.450000000000000000e+03 1.000000000000000000e+00
3.460000000000000000e+03 9.995889999999999498e-01
3.470000000000000000e+03 9.922710000000000141e-01
3.480000000000000000e+03 9.757510000000000350e-01
3.490000000000000000e+03 9.497349999999999959e-01
3.500000000000000000e+03 9.140460000000000251e-01
3.510000000000000000e+03 8.698820000000000441e-01
3.520000000000000000e+03 8.200389999999999624e-01
3.530000000000000000e+03 7.663609999999999589e-01
3.540000000000000000e+03 7.115299999999999958e-01
3.550000000000000000e+03 6.567960000000000464e-01
3.560000000000000000e+03 6.021220000000000461e-01
3.570000000000000000e+03 5.482099999999999751e-01
3.580000000000000000e+03 4.958799999999999875e-01
3.590000000000000000e+03 4.447110000000000229e-01
3.600000000000000000e+03 3.952800000000000202e-01
3.610000000000000000e+03 3.472140000000000226e-01
3.620000000000000000e+03 3.010829999999999895e-01
3.630000000000000000e+03 2.582139999999999991e-01
3.640000000000000000e+03 2.195269999999999999e-01
3.650000000000000000e+03 1.853029999999999955e-01
3.660000000000000000e+03 1.553219999999999879e-01
3.670000000000000000e+03 1.293860000000000010e-01
3.680000000000000000e+03 1.074159999999999976e-01
3.690000000000000000e+03 8.928229999999999500e-02
3.700000000000000000e+03 7.417550000000000532e-02
3.710000000000000000e+03 6.159699999999999898e-02
3.720000000000000000e+03 5.118020000000000208e-02
3.730000000000000000e+03 4.244660000000000100e-02
3.740000000000000000e+03 3.514040000000000219e-02
3.750000000000000000e+03 2.885350000000000067e-02
3.760000000000000000e+03 2.384059999999999999e-02
3.770000000000000000e+03 1.925160000000000066e-02
3.780000000000000000e+03 1.558310000000000077e-02
3.790000000000000000e+03 1.224949999999999997e-02
3.800000000000000000e+03 9.620290000000000091e-03
3.810000000000000000e+03 7.278670000000000105e-03
3.820000000000000000e+03 5.491059999999999865e-03
3.830000000000000000e+03 3.960499999999999611e-03
3.840000000000000000e+03 2.835470000000000091e-03
3.850000000000000000e+03 1.921420000000000072e-03
3.860000000000000000e+03 1.292750000000000062e-03
3.870000000000000000e+03 8.148320000000000346e-04
3.880000000000000000e+03 5.071700000000000383e-04
3.890000000000000000e+03 2.924460000000000254e-04
3.900000000000000000e+03 1.664720000000000013e-04
3.910000000000000000e+03 8.731049999999999694e-05
3.920000000000000000e+03 4.582039999999999925e-05
3.930000000000000000e+03 2.210499999999999927e-05
3.940000000000000000e+03 1.156900000000000053e-05
3.950000000000000000e+03 6.045799999999999781e-06
3.960000000000000000e+03 3.737899999999999821e-06
3.970000000000000000e+03 2.113050000000000038e-06
3.980000000000000000e+03 1.887130000000000091e-06
3.990000000000000000e+03 1.895960000000000098e-06
4.000000000000000000e+03 1.903509999999999924e-06
4.010000000000000000e+03 1.903930000000000082e-06
4.020000000000000000e+03 1.903079999999999912e-06
4.030000000000000000e+03 1.902140000000000011e-06
4.040000000000000000e+03 1.901109999999999955e-06
4.050000000000000000e+03 1.900000000000000020e-06
4.060000000000000000e+03 1.898790000000000077e-06
4.070000000000000000e+03 1.897509999999999896e-06
4.080000000000000000e+03 1.896129999999999920e-06
4.090000000000000000e+03 1.894679999999999917e-06
4.100000000000000000e+03 1.893180000000000016e-06
4.110000000000000000e+03 1.891579999999999896e-06
4.120000000000000000e+03 1.889920000000000025e-06
4.130000000000000000e+03 1.888150000000000083e-06
4.140000000000000000e+03 1.886340000000000095e-06
4.150000000000000000e+03 1.884499999999999914e-06
4.160000000000000000e+03 1.882550000000000085e-06
4.170000000000000000e+03 1.880559999999999999e-06
4.180000000000000000e+03 1.878500000000000099e-06
4.190000000000000000e+03 1.876420000000000069e-06
4.200000000000000000e+03 1.875119999999999972e-06
4.210000000000000000e+03 1.878869999999999936e-06
4.220000000000000000e+03 1.883449999999999941e-06
4.230000000000000000e+03 1.887980000000000049e-06
4.240000000000000000e+03 1.892490000000000027e-06
4.250000000000000000e+03 1.896959999999999961e-06
4.260000000000000000e+03 1.901399999999999913e-06
4.270000000000000000e+03 1.905789999999999968e-06
4.280000000000000000e+03 1.670509999999999995e-06
4.290000000000000000e+03 4.792130000000000441e-07
4.300000000000000000e+03 1.678339999999999926e-06
4.310000000000000000e+03 1.923050000000000163e-06
4.320000000000000000e+03 1.927300000000000165e-06
4.330000000000000000e+03 1.689109999999999910e-06
4.340000000000000000e+03 4.850200000000000378e-07
4.350000000000000000e+03 1.697589999999999996e-06
4.360000000000000000e+03 1.700419999999999976e-06
4.370000000000000000e+03 2.440880000000000083e-07
4.380000000000000000e+03 2.450309999999999923e-07
4.390000000000000000e+03 1.711189999999999959e-06
4.400000000000000000e+03 1.845099999999999919e-06
4.410000000000000000e+03 1.155039999999999998e-06
4.420000000000000000e+03 1.013520000000000039e-06
4.430000000000000000e+03 9.832650000000000633e-07
4.440000000000000000e+03 9.528540000000000168e-07
4.450000000000000000e+03 9.223249999999999954e-07
4.460000000000000000e+03 8.916469999999999903e-07
4.470000000000000000e+03 8.608349999999999921e-07
4.480000000000000000e+03 8.298909999999999500e-07
4.490000000000000000e+03 7.988189999999999746e-07
4.500000000000000000e+03 7.718779999999999983e-07
4.510000000000000000e+03 7.702710000000000025e-07
4.520000000000000000e+03 7.728159999999999501e-07
4.530000000000000000e+03 7.752730000000000098e-07
4.540000000000000000e+03 7.776210000000000253e-07
4.550000000000000000e+03 7.798720000000000101e-07
4.560000000000000000e+03 7.820400000000000333e-07
4.570000000000000000e+03 7.840990000000000122e-07
4.580000000000000000e+03 7.860569999999999560e-07
4.590000000000000000e+03 7.879179999999999751e-07
4.600000000000000000e+03 7.889320000000000132e-07
4.610000000000000000e+03 7.853169999999999639e-07
4.620000000000000000e+03 7.807470000000000229e-07
4.630000000000000000e+03 7.759570000000000442e-07
4.640000000000000000e+03 7.709759999999999813e-07
4.650000000000000000e+03 7.657899999999999771e-07
4.660000000000000000e+03 7.603950000000000270e-07
4.670000000000000000e+03 7.547800000000000393e-07
4.680000000000000000e+03 7.489720000000000180e-07
4.690000000000000000e+03 7.429580000000000278e-07
4.700000000000000000e+03 7.368550000000000161e-07
4.710000000000000000e+03 7.313660000000000124e-07
4.720000000000000000e+03 7.258120000000000144e-07
4.730000000000000000e+03 7.200799999999999734e-07
4.740000000000000000e+03 7.141459999999999681e-07
4.750000000000000000e+03 7.080340000000000256e-07
4.760000000000000000e+03 7.017219999999999622e-07
4.770000000000000000e+03 6.952319999999999616e-07
4.780000000000000000e+03 6.885520000000000103e-07
4.790000000000000000e+03 6.816699999999999888e-07
4.800000000000000000e+03 6.739479999999999677e-07
4.810000000000000000e+03 6.620419999999999668e-07
4.820000000000000000e+03 6.491910000000000326e-07
4.830000000000000000e+03 6.360800000000000153e-07
4.840000000000000000e+03 6.226999999999999842e-07
4.850000000000000000e+03 6.090430000000000360e-07
4.860000000000000000e+03 5.951019999999999776e-07
4.870000000000000000e+03 5.809000000000000202e-07
4.880000000000000000e+03 5.664250000000000444e-07
4.890000000000000000e+03 5.516760000000000227e-07
4.900000000000000000e+03 5.382560000000000521e-07
4.910000000000000000e+03 5.341850000000000151e-07
4.920000000000000000e+03 5.316070000000000036e-07
4.930000000000000000e+03 5.289359999999999660e-07
4.940000000000000000e+03 5.261770000000000403e-07
4.950000000000000000e+03 5.233399999999999733e-07
4.960000000000000000e+03 5.204129999999999630e-07
4.970000000000000000e+03 5.173839999999999959e-07
4.980000000000000000e+03 5.142729999999999888e-07
4.990000000000000000e+03 5.110739999999999877e-07
5.000000000000000000e+03 5.092659999999999493e-07
5.010000000000000000e+03 5.162770000000000377e-07
5.020000000000000000e+03 5.248349999999999480e-07
5.030000000000000000e+03 5.334760000000000318e-07
5.040000000000000000e+03 5.421830000000000316e-07
5.050000000000000000e+03 5.509679999999999610e-07
5.060000000000000000e+03 5.598190000000000182e-07
5.070000000000000000e+03 5.687520000000000096e-07
5.080000000000000000e+03 5.777590000000000320e-07
5.090000000000000000e+03 5.868260000000000165e-07
5.100000000000000000e+03 5.961550000000000334e-07
5.110000000000000000e+03 6.066150000000000357e-07
5.120000000000000000e+03 6.173460000000000013e-07
5.130000000000000000e+03 6.281680000000000435e-07
5.140000000000000000e+03 6.390739999999999692e-07
5.150000000000000000e+03 6.500850000000000405e-07
5.160000000000000000e+03 6.611949999999999858e-07
5.170000000000000000e+03 6.723979999999999571e-07
5.180000000000000000e+03 6.836949999999999821e-07
5.190000000000000000e+03 6.950709999999999644e-07
5.200000000000000000e+03 7.046719999999999720e-07
5.210000000000000000e+03 7.030400000000000273e-07
5.220000000000000000e+03 6.994289999999999826e-07
5.230000000000000000e+03 6.956860000000000000e-07
5.240000000000000000e+03 6.918229999999999872e-07
5.250000000000000000e+03 6.878419999999999993e-07
5.260000000000000000e+03 6.837540000000000226e-07
5.270000000000000000e+03 6.795209999999999608e-07
5.280000000000000000e+03 6.751789999999999607e-07
5.290000000000000000e+03 6.707200000000000132e-07
5.300000000000000000e+03 6.654420000000000105e-07
5.310000000000000000e+03 6.559410000000000104e-07
5.320000000000000000e+03 6.455780000000000386e-07
5.330000000000000000e+03 6.350020000000000106e-07
5.340000000000000000e+03 6.242419999999999857e-07
5.350000000000000000e+03 6.132920000000000101e-07
5.360000000000000000e+03 6.021390000000000425e-07
5.370000000000000000e+03 5.907880000000000092e-07
5.380000000000000000e+03 5.792379999999999885e-07
5.390000000000000000e+03 5.675030000000000492e-07
5.400000000000000000e+03 5.561300000000000439e-07
5.410000000000000000e+03 5.479379999999999663e-07
5.420000000000000000e+03 5.401700000000000519e-07
5.430000000000000000e+03 5.322539999999999696e-07
5.440000000000000000e+03 5.242020000000000508e-07
5.450000000000000000e+03 5.160129999999999501e-07
5.460000000000000000e+03 5.076770000000000269e-07
5.470000000000000000e+03 4.992030000000000001e-07
5.480000000000000000e+03 4.905829999999999666e-07
5.490000000000000000e+03 4.818280000000000182e-07
5.500000000000000000e+03 4.742040000000000023e-07
5.510000000000000000e+03 4.740390000000000005e-07
5.520000000000000000e+03 4.751139999999999754e-07
5.530000000000000000e+03 4.761700000000000082e-07
5.540000000000000000e+03 4.771950000000000322e-07
5.550000000000000000e+03 4.781930000000000522e-07
5.560000000000000000e+03 4.791799999999999802e-07
5.570000000000000000e+03 4.801400000000000100e-07
5.580000000000000000e+03 4.810800000000000171e-07
5.590000000000000000e+03 4.819909999999999648e-07
5.600000000000000000e+03 4.837859999999999620e-07
5.610000000000000000e+03 4.909589999999999694e-07
5.620000000000000000e+03 4.990650000000000024e-07
5.630000000000000000e+03 5.071940000000000350e-07
5.640000000000000000e+03 5.153579999999999750e-07
5.650000000000000000e+03 5.235549999999999789e-07
5.660000000000000000e+03 5.317899999999999729e-07
5.670000000000000000e+03 5.400570000000000031e-07
5.680000000000000000e+03 5.483439999999999502e-07
5.690000000000000000e+03 5.566660000000000164e-07
5.700000000000000000e+03 5.655850000000000449e-07
5.710000000000000000e+03 5.779400000000000519e-07
5.720000000000000000e+03 5.909169999999999702e-07
5.730000000000000000e+03 6.039480000000000026e-07
5.740000000000000000e+03 6.170379999999999696e-07
5.750000000000000000e+03 6.301700000000000372e-07
5.760000000000000000e+03 6.433730000000000529e-07
5.770000000000000000e+03 6.566329999999999480e-07
5.780000000000000000e+03 6.699350000000000495e-07
5.790000000000000000e+03 6.833039999999999888e-07
5.800000000000000000e+03 6.975789999999999495e-07
5.810000000000000000e+03 7.170949999999999503e-07
5.820000000000000000e+03 7.375469999999999537e-07
5.830000000000000000e+03 7.580989999999999647e-07
5.840000000000000000e+03 7.787309999999999604e-07
5.850000000000000000e+03 7.994660000000000465e-07
5.860000000000000000e+03 8.202740000000000301e-07
5.870000000000000000e+03 8.411849999999999981e-07
5.880000000000000000e+03 8.621879999999999645e-07
5.890000000000000000e+03 8.832820000000000077e-07
5.900000000000000000e+03 9.030130000000000141e-07
5.910000000000000000e+03 9.141319999999999961e-07
5.920000000000000000e+03 9.238560000000000109e-07
5.930000000000000000e+03 9.335929999999999610e-07
5.940000000000000000e+03 9.433819999999999701e-07
5.950000000000000000e+03 9.532049999999999649e-07
5.960000000000000000e+03 9.630590000000000741e-07
5.970000000000000000e+03 9.729649999999999248e-07
5.980000000000000000e+03 9.828829999999998948e-07
5.990000000000000000e+03 9.928540000000000574e-07
6.000000000000000000e+03 1.000320000000000106e-06
6.010000000000000000e+03 9.926519999999999872e-07
6.020000000000000000e+03 9.824619999999999204e-07
6.030000000000000000e+03 9.722620000000000011e-07
6.040000000000000000e+03 9.620540000000000728e-07
6.050000000000000000e+03 9.518370000000000018e-07
6.060000000000000000e+03 9.416249999999999631e-07
6.070000000000000000e+03 9.313909999999999523e-07
6.080000000000000000e+03 9.211630000000000013e-07
6.090000000000000000e+03 9.109260000000000136e-07
6.100000000000000000e+03 9.004799999999999742e-07
6.110000000000000000e+03 8.888279999999999966e-07
6.120000000000000000e+03 8.769639999999999904e-07
6.130000000000000000e+03 8.650930000000000028e-07
6.140000000000000000e+03 8.532100000000000015e-07
6.150000000000000000e+03 8.413320000000000324e-07
6.160000000000000000e+03 8.294279999999999809e-07
6.170000000000000000e+03 8.175130000000000492e-07
6.180000000000000000e+03 8.055840000000000487e-07
6.190000000000000000e+03 7.936449999999999840e-07
6.200000000000000000e+03 7.844610000000000521e-07
6.210000000000000000e+03 7.918149999999999736e-07
6.220000000000000000e+03 8.019200000000000233e-07
6.230000000000000000e+03 8.120439999999999623e-07
6.240000000000000000e+03 8.221559999999999936e-07
6.250000000000000000e+03 8.322849999999999647e-07
6.260000000000000000e+03 8.424020000000000281e-07
6.270000000000000000e+03 8.525010000000000181e-07
6.280000000000000000e+03 8.626169999999999481e-07
6.290000000000000000e+03 8.727190000000000209e-07
6.300000000000000000e+03 8.839010000000000479e-07
6.310000000000000000e+03 9.015149999999999566e-07
6.320000000000000000e+03 9.202010000000000222e-07
6.330000000000000000e+03 9.388850000000000325e-07
6.340000000000000000e+03 9.575699999999999646e-07
6.350000000000000000e+03 9.762380000000000627e-07
6.360000000000000000e+03 9.949040000000001055e-07
6.370000000000000000e+03 1.013550000000000020e-06
6.380000000000000000e+03 1.032200000000000045e-06
6.390000000000000000e+03 1.050840000000000005e-06
6.400000000000000000e+03 1.069009999999999909e-06
6.410000000000000000e+03 1.084459999999999905e-06
6.420000000000000000e+03 1.099459999999999973e-06
6.430000000000000000e+03 1.114430000000000060e-06
6.440000000000000000e+03 1.129380000000000019e-06
6.450000000000000000e+03 1.144310000000000060e-06
6.460000000000000000e+03 1.159230000000000038e-06
6.470000000000000000e+03 1.174090000000000053e-06
6.480000000000000000e+03 1.188940000000000004e-06
6.490000000000000000e+03 1.203780000000000103e-06
6.500000000000000000e+03 1.221219999999999973e-06
6.510000000000000000e+03 1.254389999999999945e-06
6.520000000000000000e+03 1.289999999999999931e-06
6.530000000000000000e+03 1.325349999999999940e-06
6.540000000000000000e+03 1.360480000000000017e-06
6.550000000000000000e+03 1.395380000000000098e-06
6.560000000000000000e+03 1.430039999999999907e-06
6.570000000000000000e+03 1.464479999999999995e-06
6.580000000000000000e+03 1.498639999999999978e-06
6.590000000000000000e+03 1.532620000000000075e-06
6.600000000000000000e+03 1.571320000000000018e-06
6.610000000000000000e+03 1.639230000000000101e-06
6.620000000000000000e+03 1.711660000000000016e-06
6.630000000000000000e+03 1.783659999999999919e-06
6.640000000000000000e+03 1.855149999999999933e-06
6.650000000000000000e+03 1.926210000000000147e-06
6.660000000000000000e+03 1.996749999999999983e-06
6.670000000000000000e+03 2.066870000000000084e-06
6.680000000000000000e+03 2.136510000000000064e-06
6.690000000000000000e+03 2.205680000000000200e-06
6.700000000000000000e+03 2.573460000000000175e-06
6.710000000000000000e+03 5.004589999999999632e-06
6.720000000000000000e+03 9.410359999999999464e-06
6.730000000000000000e+03 1.407300000000000062e-05
6.740000000000000000e+03 1.870670000000000167e-05
6.750000000000000000e+03 2.389690000000000154e-05
6.760000000000000000e+03 3.311680000000000114e-05
6.770000000000000000e+03 4.691200000000000079e-05
6.780000000000000000e+03 6.524079999999999376e-05
6.790000000000000000e+03 8.748249999999999462e-05
6.800000000000000000e+03 1.118790000000000041e-04
6.810000000000000000e+03 1.469870000000000074e-04
6.820000000000000000e+03 1.892870000000000056e-04
6.830000000000000000e+03 2.455229999999999869e-04
6.840000000000000000e+03 3.070810000000000098e-04
6.850000000000000000e+03 3.891219999999999922e-04
6.860000000000000000e+03 4.808009999999999931e-04
6.870000000000000000e+03 5.931670000000000215e-04
6.880000000000000000e+03 7.160639999999999800e-04
6.890000000000000000e+03 8.648640000000000190e-04
6.900000000000000000e+03 1.018889999999999943e-03
6.910000000000000000e+03 1.200109999999999892e-03
6.920000000000000000e+03 1.382980000000000017e-03
6.930000000000000000e+03 1.587190000000000042e-03
6.940000000000000000e+03 1.781980000000000066e-03
6.950000000000000000e+03 1.992330000000000056e-03
6.960000000000000000e+03 2.188840000000000056e-03
6.970000000000000000e+03 2.397659999999999809e-03
6.980000000000000000e+03 2.594910000000000185e-03
6.990000000000000000e+03 2.802139999999999839e-03
7.000000000000000000e+03 3.001530000000000083e-03
7.010000000000000000e+03 3.217020000000000123e-03
7.020000000000000000e+03 3.426579999999999817e-03
7.030000000000000000e+03 3.661090000000000091e-03
7.040000000000000000e+03 3.883890000000000085e-03
7.050000000000000000e+03 4.113300000000000289e-03
7.060000000000000000e+03 4.369740000000000429e-03
7.070000000000000000e+03 4.613289999999999925e-03
7.080000000000000000e+03 4.865160000000000318e-03
7.090000000000000000e+03 5.092410000000000339e-03
7.100000000000000000e+03 5.323030000000000296e-03
7.110000000000000000e+03 5.524310000000000158e-03
7.120000000000000000e+03 5.717360000000000324e-03
7.130000000000000000e+03 5.866969999999999998e-03
7.140000000000000000e+03 6.000489999999999817e-03
7.150000000000000000e+03 6.086379999999999742e-03
7.160000000000000000e+03 6.153429999999999664e-03
7.170000000000000000e+03 6.188950000000000354e-03
7.180000000000000000e+03 6.196909999999999918e-03
7.190000000000000000e+03 6.168179999999999670e-03
7.200000000000000000e+03 6.109820000000000181e-03
7.210000000000000000e+03 6.036770000000000330e-03
7.220000000000000000e+03 5.945839999999999979e-03
7.230000000000000000e+03 5.834999999999999909e-03
7.240000000000000000e+03 5.700509999999999779e-03
7.250000000000000000e+03 5.564330000000000144e-03
7.260000000000000000e+03 5.402780000000000256e-03
7.270000000000000000e+03 5.240690000000000105e-03
7.280000000000000000e+03 5.064110000000000139e-03
7.290000000000000000e+03 4.884280000000000392e-03
7.300000000000000000e+03 4.696379999999999999e-03
7.310000000000000000e+03 4.513379999999999996e-03
7.320000000000000000e+03 4.315489999999999951e-03
7.330000000000000000e+03 4.121999999999999796e-03
7.340000000000000000e+03 3.920329999999999648e-03
7.350000000000000000e+03 3.728599999999999883e-03
7.360000000000000000e+03 3.525980000000000173e-03
7.370000000000000000e+03 3.342789999999999997e-03
7.380000000000000000e+03 3.146920000000000099e-03
7.390000000000000000e+03 2.965740000000000130e-03
7.400000000000000000e+03 2.778769999999999851e-03
7.410000000000000000e+03 2.605399999999999903e-03
7.420000000000000000e+03 2.428809999999999997e-03
7.430000000000000000e+03 2.268710000000000171e-03
7.440000000000000000e+03 2.105380000000000012e-03
7.450000000000000000e+03 1.956049999999999976e-03
7.460000000000000000e+03 1.805549999999999950e-03
7.470000000000000000e+03 1.669750000000000010e-03
7.480000000000000000e+03 1.535200000000000019e-03
7.490000000000000000e+03 1.415089999999999924e-03
7.500000000000000000e+03 1.293990000000000071e-03
7.510000000000000000e+03 1.189179999999999968e-03
7.520000000000000000e+03 1.082840000000000061e-03
7.530000000000000000e+03 9.883019999999999305e-04
7.540000000000000000e+03 8.963270000000000395e-04
7.550000000000000000e+03 8.167400000000000441e-04
7.560000000000000000e+03 7.387519999999999634e-04
7.570000000000000000e+03 6.684189999999999576e-04
7.580000000000000000e+03 6.170200000000000250e-04
7.590000000000000000e+03 0.000000000000000000e+00
7.600000000000000000e+03 0.000000000000000000e+00
