3.545000000000000000e+03 0.000000000000000000e+00
3.560000000000000000e+03 0.000000000000000000e+00
3.575000000000000000e+03 5.372440000000000028e-03
3.590000000000000000e+03 8.252139999999999823e-03
3.605000000000000000e+03 1.150059999999999971e-02
3.620000000000000000e+03 1.357730000000000048e-02
3.635000000000000000e+03 1.574220000000000133e-02
3.650000000000000000e+03 2.203530000000000072e-02
3.665000000000000000e+03 3.270560000000000134e-02
3.680000000000000000e+03 4.667290000000000327e-02
3.695000000000000000e+03 6.388050000000000672e-02
3.710000000000000000e+03 8.362120000000000664e-02
3.725000000000000000e+03 1.044189999999999979e-01
3.740000000000000000e+03 1.252769999999999995e-01
3.755000000000000000e+03 1.450259999999999883e-01
3.770000000000000000e+03 1.637770000000000059e-01
3.785000000000000000e+03 1.823649999999999993e-01
3.800000000000000000e+03 2.015820000000000112e-01
3.815000000000000000e+03 2.219119999999999981e-01
3.830000000000000000e+03 2.444159999999999944e-01
3.845000000000000000e+03 2.682700000000000085e-01
3.860000000000000000e+03 2.937409999999999743e-01
3.875000000000000000e+03 3.190939999999999888e-01
3.890000000000000000e+03 3.435159999999999880e-01
3.905000000000000000e+03 3.660129999999999773e-01
3.920000000000000000e+03 3.855350000000000166e-01
3.935000000000000000e+03 4.024320000000000119e-01
3.950000000000000000e+03 4.169809999999999905e-01
3.965000000000000000e+03 4.295760000000000134e-01
3.980000000000000000e+03 4.414080000000000226e-01
3.995000000000000000e+03 4.533920000000000172e-01
4.010000000000000000e+03 4.638550000000000173e-01
4.025000000000000000e+03 4.732080000000000175e-01
4.040000000000000000e+03 4.833540000000000059e-01
4.055000000000000000e+03 4.934600000000000097e-01
4.070000000000000000e+03 5.034710000000000019e-01
4.085000000000000000e+03 5.123999999999999666e-01
4.100000000000000000e+03 5.200839999999999907e-01
4.115000000000000000e+03 5.261909999999999643e-01
4.130000000000000000e+03 5.300669999999999549e-01
4.145000000000000000e+03 5.323539999999999939e-01
4.160000000000000000e+03 5.327150000000000496e-01
4.175000000000000000e+03 5.322639999999999594e-01
4.190000000000000000e+03 5.312010000000000343e-01
4.205000000000000000e+03 5.309270000000000378e-01
4.220000000000000000e+03 5.332200000000000273e-01
4.235000000000000000e+03 5.364379999999999704e-01
4.250000000000000000e+03 5.406910000000000327e-01
4.265000000000000000e+03 5.467889999999999695e-01
4.280000000000000000e+03 5.541070000000000162e-01
4.295000000000000000e+03 5.628149999999999542e-01
4.310000000000000000e+03 5.719269999999999632e-01
4.325000000000000000e+03 5.808879999999999599e-01
4.340000000000000000e+03 5.895289999999999697e-01
4.355000000000000000e+03 5.976789999999999603e-01
4.370000000000000000e+03 6.033570000000000322e-01
4.385000000000000000e+03 6.061210000000000209e-01
4.400000000000000000e+03 6.064370000000000038e-01
4.415000000000000000e+03 6.048959999999999892e-01
4.430000000000000000e+03 6.010769999999999724e-01
4.445000000000000000e+03 5.960429999999999895e-01
4.460000000000000000e+03 5.904639999999999889e-01
4.475000000000000000e+03 5.853549999999999587e-01
4.490000000000000000e+03 5.816850000000000076e-01
4.505000000000000000e+03 5.814439999999999609e-01
4.520000000000000000e+03 5.893880000000000230e-01
4.535000000000000000e+03 5.988940000000000374e-01
4.550000000000000000e+03 6.113319999999999865e-01
4.565000000000000000e+03 6.258730000000000127e-01
4.580000000000000000e+03 6.424220000000000486e-01
4.595000000000000000e+03 6.602120000000000211e-01
4.610000000000000000e+03 6.787370000000000347e-01
4.625000000000000000e+03 6.963559999999999750e-01
4.640000000000000000e+03 7.123340000000000227e-01
4.655000000000000000e+03 7.256590000000000540e-01
4.670000000000000000e+03 7.360010000000000163e-01
4.685000000000000000e+03 7.418400000000000549e-01
4.700000000000000000e+03 7.443149999999999489e-01
4.715000000000000000e+03 7.432839999999999447e-01
4.730000000000000000e+03 7.396490000000000009e-01
4.745000000000000000e+03 7.358729999999999993e-01
4.760000000000000000e+03 7.311170000000000169e-01
4.775000000000000000e+03 7.276409999999999823e-01
4.790000000000000000e+03 7.266249999999999654e-01
4.805000000000000000e+03 7.275599999999999845e-01
4.820000000000000000e+03 7.312480000000000091e-01
4.835000000000000000e+03 7.375599999999999934e-01
4.850000000000000000e+03 7.461649999999999672e-01
4.865000000000000000e+03 7.564459999999999518e-01
4.880000000000000000e+03 7.687530000000000197e-01
4.895000000000000000e+03 7.816790000000000127e-01
4.910000000000000000e+03 7.953750000000000542e-01
4.925000000000000000e+03 8.091399999999999704e-01
4.940000000000000000e+03 8.221779999999999644e-01
4.955000000000000000e+03 8.361229999999999496e-01
4.970000000000000000e+03 8.513490000000000224e-01
4.985000000000000000e+03 8.686239999999999517e-01
5.000000000000000000e+03 8.902330000000000521e-01
5.015000000000000000e+03 9.170420000000000238e-01
5.030000000000000000e+03 9.475190000000000001e-01
5.045000000000000000e+03 9.783110000000000417e-01
5.060000000000000000e+03 1.000000000000000000e+00
5.075000000000000000e+03 9.980620000000000047e-01
5.090000000000000000e+03 9.551159999999999650e-01
5.105000000000000000e+03 8.606110000000000149e-01
5.120000000000000000e+03 7.239419999999999744e-01
5.135000000000000000e+03 5.699049999999999949e-01
5.150000000000000000e+03 4.277799999999999936e-01
5.165000000000000000e+03 3.123099999999999765e-01
5.180000000000000000e+03 2.256090000000000040e-01
5.195000000000000000e+03 1.626789999999999903e-01
5.210000000000000000e+03 1.182760000000000061e-01
5.225000000000000000e+03 8.711689999999999712e-02
5.240000000000000000e+03 6.497619999999999785e-02
5.255000000000000000e+03 4.919810000000000155e-02
5.270000000000000000e+03 3.412269999999999887e-02
5.285000000000000000e+03 2.428740000000000065e-02
5.300000000000000000e+03 1.941500000000000170e-02
5.315000000000000000e+03 1.568359999999999893e-02
5.330000000000000000e+03 1.281679999999999972e-02
5.345000000000000000e+03 1.056769999999999932e-02
5.360000000000000000e+03 8.810979999999999507e-03
5.375000000000000000e+03 7.399600000000000101e-03
5.390000000000000000e+03 6.264079999999999995e-03
5.405000000000000000e+03 5.344490000000000351e-03
5.420000000000000000e+03 4.598780000000000229e-03
5.435000000000000000e+03 3.981909999999999963e-03
5.450000000000000000e+03 3.469569999999999946e-03
5.465000000000000000e+03 3.039539999999999863e-03
5.480000000000000000e+03 2.678559999999999969e-03
5.495000000000000000e+03 2.371820000000000178e-03
5.510000000000000000e+03 2.111669999999999953e-03
5.525000000000000000e+03 1.889709999999999957e-03
5.540000000000000000e+03 1.697939999999999996e-03
5.555000000000000000e+03 1.532310000000000052e-03
5.570000000000000000e+03 1.388799999999999930e-03
5.585000000000000000e+03 1.263369999999999988e-03
5.600000000000000000e+03 1.153259999999999919e-03
5.615000000000000000e+03 1.053710000000000020e-03
5.630000000000000000e+03 9.668619999999999732e-04
5.645000000000000000e+03 8.897500000000000244e-04
5.660000000000000000e+03 8.228450000000000000e-04
5.675000000000000000e+03 7.693420000000000076e-04
5.690000000000000000e+03 7.276980000000000384e-04
5.705000000000000000e+03 6.533469999999999773e-04
5.720000000000000000e+03 6.099449999999999750e-04
5.735000000000000000e+03 5.704469999999999680e-04
5.750000000000000000e+03 5.355680000000000466e-04
5.765000000000000000e+03 5.040329999999999767e-04
5.780000000000000000e+03 4.756620000000000141e-04
5.795000000000000000e+03 4.488369999999999990e-04
5.810000000000000000e+03 4.252510000000000252e-04
5.825000000000000000e+03 4.034309999999999936e-04
5.840000000000000000e+03 3.833339999999999860e-04
5.855000000000000000e+03 3.648069999999999785e-04
5.870000000000000000e+03 3.480469999999999831e-04
5.885000000000000000e+03 3.330729999999999737e-04
5.900000000000000000e+03 3.182939999999999988e-04
5.915000000000000000e+03 3.050889999999999787e-04
5.930000000000000000e+03 2.924150000000000252e-04
5.945000000000000000e+03 2.817310000000000170e-04
5.960000000000000000e+03 2.702909999999999775e-04
5.975000000000000000e+03 2.606530000000000132e-04
5.990000000000000000e+03 2.512589999999999876e-04
6.005000000000000000e+03 2.424009999999999988e-04
6.020000000000000000e+03 2.333690000000000081e-04
6.035000000000000000e+03 2.253950000000000062e-04
6.050000000000000000e+03 2.177369999999999924e-04
6.065000000000000000e+03 2.101100000000000060e-04
6.080000000000000000e+03 2.038040000000000023e-04
6.095000000000000000e+03 1.964880000000000066e-04
6.110000000000000000e+03 1.904940000000000095e-04
6.125000000000000000e+03 1.845299999999999968e-04
6.140000000000000000e+03 1.785579999999999936e-04
6.155000000000000000e+03 1.734499999999999877e-04
6.170000000000000000e+03 1.683309999999999982e-04
6.185000000000000000e+03 1.632439999999999976e-04
6.200000000000000000e+03 1.594839999999999930e-04
6.215000000000000000e+03 1.546730000000000012e-04
6.230000000000000000e+03 1.498550000000000077e-04
6.245000000000000000e+03 1.473269999999999940e-04
6.260000000000000000e+03 0.000000000000000000e+00
6.275000000000000000e+03 0.000000000000000000e+00
