4.355000000000000000e+03 0.000000000000000000e+00
4.370000000000000000e+03 0.000000000000000000e+00
4.385000000000000000e+03 9.952920000000000517e-03
4.400000000000000000e+03 2.394469999999999932e-02
4.415000000000000000e+03 5.430320000000000286e-02
4.430000000000000000e+03 1.016399999999999942e-01
4.445000000000000000e+03 1.595660000000000134e-01
4.460000000000000000e+03 2.198730000000000129e-01
4.475000000000000000e+03 2.760480000000000156e-01
4.490000000000000000e+03 3.229580000000000228e-01
4.505000000000000000e+03 3.616240000000000010e-01
4.520000000000000000e+03 3.948280000000000123e-01
4.535000000000000000e+03 4.219439999999999857e-01
4.550000000000000000e+03 4.440640000000000143e-01
4.565000000000000000e+03 4.626020000000000132e-01
4.580000000000000000e+03 4.786619999999999764e-01
4.595000000000000000e+03 4.927289999999999726e-01
4.610000000000000000e+03 5.052980000000000249e-01
4.625000000000000000e+03 5.172480000000000411e-01
4.640000000000000000e+03 5.284379999999999633e-01
4.655000000000000000e+03 5.389380000000000281e-01
4.670000000000000000e+03 5.490249999999999853e-01
4.685000000000000000e+03 5.590070000000000316e-01
4.700000000000000000e+03 5.689349999999999685e-01
4.715000000000000000e+03 5.786369999999999569e-01
4.730000000000000000e+03 5.881220000000000336e-01
4.745000000000000000e+03 5.973800000000000221e-01
4.760000000000000000e+03 6.068850000000000078e-01
4.775000000000000000e+03 6.162389999999999812e-01
4.790000000000000000e+03 6.255340000000000344e-01
4.805000000000000000e+03 6.347450000000000037e-01
4.820000000000000000e+03 6.440460000000000074e-01
4.835000000000000000e+03 6.534429999999999961e-01
4.850000000000000000e+03 6.628079999999999528e-01
4.865000000000000000e+03 6.718720000000000248e-01
4.880000000000000000e+03 6.809100000000000152e-01
4.895000000000000000e+03 6.899410000000000265e-01
4.910000000000000000e+03 6.989980000000000082e-01
4.925000000000000000e+03 7.079590000000000050e-01
4.940000000000000000e+03 7.169410000000000505e-01
4.955000000000000000e+03 7.257860000000000422e-01
4.970000000000000000e+03 7.347700000000000342e-01
4.985000000000000000e+03 7.434330000000000105e-01
5.000000000000000000e+03 7.523100000000000342e-01
5.015000000000000000e+03 7.621639999999999526e-01
5.030000000000000000e+03 7.723569999999999602e-01
5.045000000000000000e+03 7.822869999999999546e-01
5.060000000000000000e+03 7.924309999999999965e-01
5.075000000000000000e+03 8.026659999999999906e-01
5.090000000000000000e+03 8.122230000000000283e-01
5.105000000000000000e+03 8.220140000000000224e-01
5.120000000000000000e+03 8.314390000000000391e-01
5.135000000000000000e+03 8.407750000000000501e-01
5.150000000000000000e+03 8.503070000000000350e-01
5.165000000000000000e+03 8.595329999999999915e-01
5.180000000000000000e+03 8.684079999999999577e-01
5.195000000000000000e+03 8.770700000000000163e-01
5.210000000000000000e+03 8.857239999999999558e-01
5.225000000000000000e+03 8.943659999999999943e-01
5.240000000000000000e+03 9.027770000000000516e-01
5.255000000000000000e+03 9.108190000000000452e-01
5.270000000000000000e+03 9.183510000000000284e-01
5.285000000000000000e+03 9.260500000000000398e-01
5.300000000000000000e+03 9.332810000000000272e-01
5.315000000000000000e+03 9.402260000000000062e-01
5.330000000000000000e+03 9.469729999999999537e-01
5.345000000000000000e+03 9.533110000000000195e-01
5.360000000000000000e+03 9.592370000000000063e-01
5.375000000000000000e+03 9.651389999999999691e-01
5.390000000000000000e+03 9.703089999999999771e-01
5.405000000000000000e+03 9.754140000000000033e-01
5.420000000000000000e+03 9.800039999999999862e-01
5.435000000000000000e+03 9.843490000000000295e-01
5.450000000000000000e+03 9.880750000000000366e-01
5.465000000000000000e+03 9.916620000000000434e-01
5.480000000000000000e+03 9.945669999999999789e-01
5.495000000000000000e+03 9.971400000000000263e-01
5.510000000000000000e+03 9.987390000000000434e-01
5.525000000000000000e+03 9.995789999999999953e-01
5.540000000000000000e+03 9.998639999999999750e-01
5.555000000000000000e+03 1.000000000000000000e+00
5.570000000000000000e+03 9.991290000000000449e-01
5.585000000000000000e+03 9.977399999999999602e-01
5.600000000000000000e+03 9.955359999999999765e-01
5.615000000000000000e+03 9.903450000000000308e-01
5.630000000000000000e+03 9.844169999999999865e-01
5.645000000000000000e+03 9.778029999999999777e-01
5.660000000000000000e+03 9.707470000000000265e-01
5.675000000000000000e+03 9.632960000000000411e-01
5.690000000000000000e+03 9.562969999999999526e-01
5.705000000000000000e+03 9.490439999999999987e-01
5.720000000000000000e+03 9.401969999999999494e-01
5.735000000000000000e+03 9.306529999999999525e-01
5.750000000000000000e+03 9.204520000000000479e-01
5.765000000000000000e+03 9.104659999999999975e-01
5.780000000000000000e+03 8.994220000000000548e-01
5.795000000000000000e+03 8.879449999999999843e-01
5.810000000000000000e+03 8.758129999999999526e-01
5.825000000000000000e+03 8.634260000000000268e-01
5.840000000000000000e+03 8.508179999999999632e-01
5.855000000000000000e+03 8.373199999999999532e-01
5.870000000000000000e+03 8.237929999999999975e-01
5.885000000000000000e+03 8.097389999999999866e-01
5.900000000000000000e+03 7.955010000000000137e-01
5.915000000000000000e+03 7.809450000000000003e-01
5.930000000000000000e+03 7.661320000000000352e-01
5.945000000000000000e+03 7.509360000000000479e-01
5.960000000000000000e+03 7.355359999999999676e-01
5.975000000000000000e+03 7.198799999999999644e-01
5.990000000000000000e+03 7.038349999999999884e-01
6.005000000000000000e+03 6.871209999999999818e-01
6.020000000000000000e+03 6.689190000000000413e-01
6.035000000000000000e+03 6.503520000000000412e-01
6.050000000000000000e+03 6.316110000000000335e-01
6.065000000000000000e+03 6.133610000000000451e-01
6.080000000000000000e+03 5.952140000000000208e-01
6.095000000000000000e+03 5.767499999999999849e-01
6.110000000000000000e+03 5.583590000000000497e-01
6.125000000000000000e+03 5.404470000000000107e-01
6.140000000000000000e+03 5.227669999999999817e-01
6.155000000000000000e+03 5.047970000000000512e-01
6.170000000000000000e+03 4.872719999999999829e-01
6.185000000000000000e+03 4.700880000000000059e-01
6.200000000000000000e+03 4.530330000000000190e-01
6.215000000000000000e+03 4.359020000000000117e-01
6.230000000000000000e+03 4.192080000000000251e-01
6.245000000000000000e+03 4.029420000000000224e-01
6.260000000000000000e+03 3.870359999999999912e-01
6.275000000000000000e+03 3.712190000000000212e-01
6.290000000000000000e+03 3.558149999999999924e-01
6.305000000000000000e+03 3.409369999999999901e-01
6.320000000000000000e+03 3.263639999999999874e-01
6.335000000000000000e+03 3.119720000000000271e-01
6.350000000000000000e+03 2.978890000000000149e-01
6.365000000000000000e+03 2.843249999999999944e-01
6.380000000000000000e+03 2.710230000000000139e-01
6.395000000000000000e+03 2.580129999999999924e-01
6.410000000000000000e+03 2.451309999999999878e-01
6.425000000000000000e+03 2.330409999999999981e-01
6.440000000000000000e+03 2.213420000000000110e-01
6.455000000000000000e+03 2.099509999999999987e-01
6.470000000000000000e+03 1.990820000000000090e-01
6.485000000000000000e+03 1.886059999999999959e-01
6.500000000000000000e+03 1.785190000000000110e-01
6.515000000000000000e+03 1.682639999999999969e-01
6.530000000000000000e+03 1.583930000000000060e-01
6.545000000000000000e+03 1.489340000000000108e-01
6.560000000000000000e+03 1.399179999999999868e-01
6.575000000000000000e+03 1.312290000000000123e-01
6.590000000000000000e+03 1.229110000000000064e-01
6.605000000000000000e+03 1.151179999999999981e-01
6.620000000000000000e+03 1.077449999999999936e-01
6.635000000000000000e+03 1.006810000000000066e-01
6.650000000000000000e+03 9.401370000000000560e-02
6.665000000000000000e+03 8.780150000000000454e-02
6.680000000000000000e+03 8.189710000000000045e-02
6.695000000000000000e+03 7.617930000000000534e-02
6.710000000000000000e+03 7.085339999999999694e-02
6.725000000000000000e+03 6.582870000000000388e-02
6.740000000000000000e+03 6.116699999999999915e-02
6.755000000000000000e+03 5.671299999999999952e-02
6.770000000000000000e+03 5.248490000000000100e-02
6.785000000000000000e+03 4.863420000000000243e-02
6.800000000000000000e+03 4.495539999999999953e-02
6.815000000000000000e+03 4.156159999999999716e-02
6.830000000000000000e+03 3.836380000000000345e-02
6.845000000000000000e+03 3.535270000000000079e-02
6.860000000000000000e+03 3.335479999999999695e-02
6.875000000000000000e+03 3.181570000000000231e-02
6.890000000000000000e+03 3.029099999999999848e-02
6.905000000000000000e+03 2.877000000000000043e-02
6.920000000000000000e+03 2.683019999999999849e-02
6.935000000000000000e+03 2.466269999999999921e-02
6.950000000000000000e+03 2.267009999999999859e-02
6.965000000000000000e+03 2.083399999999999835e-02
6.980000000000000000e+03 1.914920000000000164e-02
6.995000000000000000e+03 1.755059999999999953e-02
7.010000000000000000e+03 1.606820000000000123e-02
7.025000000000000000e+03 1.468709999999999981e-02
7.040000000000000000e+03 1.342570000000000048e-02
7.055000000000000000e+03 1.225470000000000032e-02
7.070000000000000000e+03 1.118410000000000064e-02
7.085000000000000000e+03 1.021490000000000072e-02
7.100000000000000000e+03 9.319789999999999672e-03
7.115000000000000000e+03 8.490960000000000521e-03
7.130000000000000000e+03 7.731530000000000347e-03
7.145000000000000000e+03 7.042679999999999947e-03
7.160000000000000000e+03 6.414930000000000111e-03
7.175000000000000000e+03 5.832760000000000201e-03
7.190000000000000000e+03 5.298250000000000008e-03
7.205000000000000000e+03 4.819010000000000307e-03
7.220000000000000000e+03 4.383240000000000053e-03
7.235000000000000000e+03 3.981319999999999998e-03
7.250000000000000000e+03 3.614640000000000127e-03
7.265000000000000000e+03 3.285580000000000184e-03
7.280000000000000000e+03 2.988709999999999891e-03
7.295000000000000000e+03 2.710479999999999921e-03
7.310000000000000000e+03 2.461080000000000038e-03
7.325000000000000000e+03 2.234889999999999793e-03
7.340000000000000000e+03 2.028770000000000052e-03
7.355000000000000000e+03 1.839410000000000090e-03
7.370000000000000000e+03 1.670180000000000059e-03
7.385000000000000000e+03 1.516680000000000068e-03
7.400000000000000000e+03 1.376480000000000021e-03
7.415000000000000000e+03 1.247419999999999952e-03
7.430000000000000000e+03 1.159099999999999931e-03
7.445000000000000000e+03 0.000000000000000000e+00
7.460000000000000000e+03 0.000000000000000000e+00
