4.640000000000000000e+03 0.000000000000000000e+00
4.660000000000000000e+03 0.000000000000000000e+00
4.680000000000000000e+03 1.728930000000000050e-02
4.700000000000000000e+03 3.718840000000000340e-02
4.720000000000000000e+03 6.790720000000000089e-02
4.740000000000000000e+03 1.167320000000000024e-01
4.760000000000000000e+03 1.724680000000000102e-01
4.780000000000000000e+03 2.464909999999999879e-01
4.800000000000000000e+03 3.314590000000000036e-01
4.820000000000000000e+03 3.966819999999999791e-01
4.840000000000000000e+03 4.247770000000000157e-01
4.860000000000000000e+03 4.301010000000000111e-01
4.880000000000000000e+03 4.335640000000000049e-01
4.900000000000000000e+03 4.449609999999999954e-01
4.920000000000000000e+03 4.642040000000000055e-01
4.940000000000000000e+03 4.866230000000000278e-01
4.960000000000000000e+03 5.060050000000000381e-01
4.980000000000000000e+03 5.193449999999999456e-01
5.000000000000000000e+03 5.274450000000000527e-01
5.020000000000000000e+03 5.359319999999999640e-01
5.040000000000000000e+03 5.474529999999999674e-01
5.060000000000000000e+03 5.647429999999999950e-01
5.080000000000000000e+03 5.872340000000000337e-01
5.100000000000000000e+03 6.121330000000000382e-01
5.120000000000000000e+03 6.341729999999999867e-01
5.140000000000000000e+03 6.482179999999999609e-01
5.160000000000000000e+03 6.517239999999999700e-01
5.180000000000000000e+03 6.451379999999999892e-01
5.200000000000000000e+03 6.335370000000000168e-01
5.220000000000000000e+03 6.212199999999999944e-01
5.240000000000000000e+03 6.150839999999999641e-01
5.260000000000000000e+03 6.156740000000000546e-01
5.280000000000000000e+03 6.273980000000000112e-01
5.300000000000000000e+03 6.472430000000000128e-01
5.320000000000000000e+03 6.763609999999999900e-01
5.340000000000000000e+03 7.092049999999999743e-01
5.360000000000000000e+03 7.426800000000000068e-01
5.380000000000000000e+03 7.708000000000000407e-01
5.400000000000000000e+03 7.897539999999999560e-01
5.420000000000000000e+03 7.992540000000000200e-01
5.440000000000000000e+03 8.019070000000000364e-01
5.460000000000000000e+03 8.007710000000000106e-01
5.480000000000000000e+03 8.013839999999999852e-01
5.500000000000000000e+03 8.063040000000000207e-01
5.520000000000000000e+03 8.172380000000000200e-01
5.540000000000000000e+03 8.341359999999999886e-01
5.560000000000000000e+03 8.548069999999999835e-01
5.580000000000000000e+03 8.763379999999999503e-01
5.600000000000000000e+03 8.930759999999999810e-01
5.620000000000000000e+03 8.996300000000000407e-01
5.640000000000000000e+03 8.962940000000000351e-01
5.660000000000000000e+03 8.845359999999999889e-01
5.680000000000000000e+03 8.672349999999999781e-01
5.700000000000000000e+03 8.506540000000000212e-01
5.720000000000000000e+03 8.366059999999999608e-01
5.740000000000000000e+03 8.256520000000000525e-01
5.760000000000000000e+03 8.235460000000000003e-01
5.780000000000000000e+03 8.292659999999999476e-01
5.800000000000000000e+03 8.424019999999999841e-01
5.820000000000000000e+03 8.635680000000000023e-01
5.840000000000000000e+03 8.877819999999999601e-01
5.860000000000000000e+03 9.137830000000000119e-01
5.880000000000000000e+03 9.371589999999999643e-01
5.900000000000000000e+03 9.561039999999999539e-01
5.920000000000000000e+03 9.678280000000000216e-01
5.940000000000000000e+03 9.722060000000000146e-01
5.960000000000000000e+03 9.710990000000000455e-01
5.980000000000000000e+03 9.665639999999999787e-01
6.000000000000000000e+03 9.609720000000000484e-01
6.020000000000000000e+03 9.548790000000000333e-01
6.040000000000000000e+03 9.503719999999999946e-01
6.060000000000000000e+03 9.518959999999999644e-01
6.080000000000000000e+03 9.571190000000000531e-01
6.100000000000000000e+03 9.651440000000000019e-01
6.120000000000000000e+03 9.762399999999999967e-01
6.140000000000000000e+03 9.867920000000000025e-01
6.160000000000000000e+03 9.954570000000000363e-01
6.180000000000000000e+03 1.000000000000000000e+00
6.200000000000000000e+03 9.996099999999999985e-01
6.220000000000000000e+03 9.948609999999999953e-01
6.240000000000000000e+03 9.860039999999999916e-01
6.260000000000000000e+03 9.744049999999999656e-01
6.280000000000000000e+03 9.620739999999999847e-01
6.300000000000000000e+03 9.507640000000000535e-01
6.320000000000000000e+03 9.417590000000000128e-01
6.340000000000000000e+03 9.373249999999999638e-01
6.360000000000000000e+03 9.367109999999999603e-01
6.380000000000000000e+03 9.399680000000000257e-01
6.400000000000000000e+03 9.472559999999999869e-01
6.420000000000000000e+03 9.565730000000000066e-01
6.440000000000000000e+03 9.661659999999999693e-01
6.460000000000000000e+03 9.761879999999999447e-01
6.480000000000000000e+03 9.838240000000000318e-01
6.500000000000000000e+03 9.868500000000000050e-01
6.520000000000000000e+03 9.808569999999999789e-01
6.540000000000000000e+03 9.735110000000000152e-01
6.560000000000000000e+03 9.624840000000000062e-01
6.580000000000000000e+03 9.486339999999999772e-01
6.600000000000000000e+03 9.345660000000000078e-01
6.620000000000000000e+03 9.231570000000000054e-01
6.640000000000000000e+03 9.135480000000000267e-01
6.660000000000000000e+03 9.061339999999999950e-01
6.680000000000000000e+03 9.034290000000000376e-01
6.700000000000000000e+03 9.041970000000000285e-01
6.720000000000000000e+03 9.052499999999999991e-01
6.740000000000000000e+03 9.051719999999999766e-01
6.760000000000000000e+03 9.004180000000000517e-01
6.780000000000000000e+03 8.876950000000000118e-01
6.800000000000000000e+03 8.638919999999999932e-01
6.820000000000000000e+03 8.261730000000000462e-01
6.840000000000000000e+03 7.772449999999999637e-01
6.860000000000000000e+03 7.236839999999999939e-01
6.880000000000000000e+03 6.661479999999999624e-01
6.900000000000000000e+03 6.086890000000000356e-01
6.920000000000000000e+03 5.581570000000000142e-01
6.940000000000000000e+03 5.198920000000000208e-01
6.960000000000000000e+03 4.906159999999999966e-01
6.980000000000000000e+03 4.696540000000000159e-01
7.000000000000000000e+03 4.640960000000000085e-01
7.020000000000000000e+03 4.761659999999999782e-01
7.040000000000000000e+03 5.041780000000000150e-01
7.060000000000000000e+03 5.522909999999999764e-01
7.080000000000000000e+03 6.301149999999999807e-01
7.100000000000000000e+03 7.209339999999999637e-01
7.120000000000000000e+03 7.619150000000000089e-01
7.140000000000000000e+03 6.726509999999999989e-01
7.160000000000000000e+03 4.718519999999999937e-01
7.180000000000000000e+03 2.844789999999999819e-01
7.200000000000000000e+03 1.641410000000000091e-01
7.220000000000000000e+03 9.620320000000000260e-02
7.240000000000000000e+03 5.867229999999999668e-02
7.260000000000000000e+03 3.724709999999999827e-02
7.280000000000000000e+03 2.426110000000000072e-02
7.300000000000000000e+03 1.563000000000000153e-02
7.320000000000000000e+03 1.109030000000000085e-02
7.340000000000000000e+03 8.130260000000000264e-03
7.360000000000000000e+03 6.234710000000000078e-03
7.380000000000000000e+03 4.669290000000000419e-03
7.400000000000000000e+03 3.558149999999999941e-03
7.420000000000000000e+03 2.924959999999999886e-03
7.440000000000000000e+03 0.000000000000000000e+00
7.460000000000000000e+03 0.000000000000000000e+00
