5.815000000000000000e+03 0.000000000000000000e+00
5.835000000000000000e+03 0.000000000000000000e+00
5.855000000000000000e+03 7.908300000000000052e-03
5.875000000000000000e+03 1.510799999999999990e-02
5.895000000000000000e+03 3.422660000000000285e-02
5.915000000000000000e+03 7.862810000000000632e-02
5.935000000000000000e+03 1.683910000000000129e-01
5.955000000000000000e+03 3.241760000000000197e-01
5.975000000000000000e+03 5.343470000000000164e-01
5.995000000000000000e+03 6.950079999999999592e-01
6.015000000000000000e+03 7.369679999999999565e-01
6.035000000000000000e+03 7.164420000000000233e-01
6.055000000000000000e+03 7.016829999999999457e-01
6.075000000000000000e+03 7.081769999999999454e-01
6.095000000000000000e+03 7.157440000000000468e-01
6.115000000000000000e+03 7.382290000000000241e-01
6.135000000000000000e+03 7.854830000000000423e-01
6.155000000000000000e+03 8.400119999999999809e-01
6.175000000000000000e+03 8.815579999999999528e-01
6.195000000000000000e+03 9.175959999999999672e-01
6.215000000000000000e+03 9.485299999999999843e-01
6.235000000000000000e+03 9.655759999999999899e-01
6.255000000000000000e+03 9.695310000000000317e-01
6.275000000000000000e+03 9.660189999999999610e-01
6.295000000000000000e+03 9.595339999999999980e-01
6.315000000000000000e+03 9.531370000000000120e-01
6.335000000000000000e+03 9.460030000000000383e-01
6.355000000000000000e+03 9.396970000000000045e-01
6.375000000000000000e+03 9.404430000000000289e-01
6.395000000000000000e+03 9.470619999999999594e-01
6.415000000000000000e+03 9.554920000000000080e-01
6.435000000000000000e+03 9.649550000000000072e-01
6.455000000000000000e+03 9.760119999999999907e-01
6.475000000000000000e+03 9.877660000000000329e-01
6.495000000000000000e+03 9.975929999999999520e-01
6.515000000000000000e+03 1.000000000000000000e+00
6.535000000000000000e+03 9.972119999999999873e-01
6.555000000000000000e+03 9.930339999999999723e-01
6.575000000000000000e+03 9.845500000000000362e-01
6.595000000000000000e+03 9.735880000000000090e-01
6.615000000000000000e+03 9.608250000000000401e-01
6.635000000000000000e+03 9.478119999999999878e-01
6.655000000000000000e+03 9.362399999999999611e-01
6.675000000000000000e+03 9.265830000000000455e-01
6.695000000000000000e+03 9.191840000000000011e-01
6.715000000000000000e+03 9.139840000000000186e-01
6.735000000000000000e+03 9.116739999999999844e-01
6.755000000000000000e+03 9.110570000000000057e-01
6.775000000000000000e+03 9.114980000000000304e-01
6.795000000000000000e+03 9.118420000000000414e-01
6.815000000000000000e+03 9.113879999999999759e-01
6.835000000000000000e+03 9.096980000000000066e-01
6.855000000000000000e+03 9.059789999999999788e-01
6.875000000000000000e+03 8.986939999999999928e-01
6.895000000000000000e+03 8.900390000000000246e-01
6.915000000000000000e+03 8.789460000000000051e-01
6.935000000000000000e+03 8.665629999999999722e-01
6.955000000000000000e+03 8.532469999999999777e-01
6.975000000000000000e+03 8.392129999999999868e-01
6.995000000000000000e+03 8.275270000000000126e-01
7.015000000000000000e+03 8.165000000000000036e-01
7.035000000000000000e+03 8.065959999999999797e-01
7.055000000000000000e+03 7.987870000000000248e-01
7.075000000000000000e+03 7.930300000000000127e-01
7.095000000000000000e+03 7.892980000000000551e-01
7.115000000000000000e+03 7.875529999999999475e-01
7.135000000000000000e+03 7.873189999999999911e-01
7.155000000000000000e+03 7.873419999999999863e-01
7.175000000000000000e+03 7.861439999999999539e-01
7.195000000000000000e+03 7.833480000000000443e-01
7.215000000000000000e+03 7.786229999999999540e-01
7.235000000000000000e+03 7.714469999999999938e-01
7.255000000000000000e+03 7.613919999999999577e-01
7.275000000000000000e+03 7.488599999999999701e-01
7.295000000000000000e+03 7.345059999999999922e-01
7.315000000000000000e+03 7.187710000000000488e-01
7.335000000000000000e+03 7.022009999999999641e-01
7.355000000000000000e+03 6.861279999999999601e-01
7.375000000000000000e+03 6.717530000000000445e-01
7.395000000000000000e+03 6.596910000000000274e-01
7.415000000000000000e+03 6.496480000000000032e-01
7.435000000000000000e+03 6.409350000000000325e-01
7.455000000000000000e+03 6.335589999999999833e-01
7.475000000000000000e+03 6.286720000000000086e-01
7.495000000000000000e+03 6.270480000000000498e-01
7.515000000000000000e+03 6.282219999999999471e-01
7.535000000000000000e+03 6.309900000000000508e-01
7.555000000000000000e+03 6.330489999999999728e-01
7.575000000000000000e+03 6.345739999999999714e-01
7.595000000000000000e+03 6.354020000000000223e-01
7.615000000000000000e+03 6.349479999999999569e-01
7.635000000000000000e+03 6.325300000000000367e-01
7.655000000000000000e+03 6.281360000000000277e-01
7.675000000000000000e+03 6.210120000000000084e-01
7.695000000000000000e+03 6.110229999999999828e-01
7.715000000000000000e+03 5.984969999999999457e-01
7.735000000000000000e+03 5.842260000000000231e-01
7.755000000000000000e+03 5.694390000000000285e-01
7.775000000000000000e+03 5.546609999999999596e-01
7.795000000000000000e+03 5.395419999999999661e-01
7.815000000000000000e+03 5.233219999999999539e-01
7.835000000000000000e+03 5.062119999999999953e-01
7.855000000000000000e+03 4.905479999999999841e-01
7.875000000000000000e+03 4.772370000000000223e-01
7.895000000000000000e+03 4.664820000000000078e-01
7.915000000000000000e+03 4.570910000000000251e-01
7.935000000000000000e+03 4.494830000000000214e-01
7.955000000000000000e+03 4.449380000000000002e-01
7.975000000000000000e+03 4.436610000000000276e-01
7.995000000000000000e+03 4.422929999999999917e-01
8.015000000000000000e+03 4.341380000000000239e-01
8.035000000000000000e+03 4.240129999999999733e-01
8.055000000000000000e+03 4.145630000000000148e-01
8.075000000000000000e+03 4.052580000000000071e-01
8.095000000000000000e+03 3.867079999999999962e-01
8.115000000000000000e+03 3.504030000000000200e-01
8.135000000000000000e+03 3.019209999999999949e-01
8.155000000000000000e+03 2.523830000000000240e-01
8.175000000000000000e+03 2.129030000000000089e-01
8.195000000000000000e+03 1.786649999999999905e-01
8.215000000000000000e+03 1.415619999999999934e-01
8.235000000000000000e+03 1.077830000000000038e-01
8.255000000000000000e+03 8.066360000000000197e-02
8.275000000000000000e+03 5.983770000000000061e-02
8.295000000000000000e+03 4.499820000000000209e-02
8.315000000000000000e+03 3.525640000000000024e-02
8.335000000000000000e+03 2.834029999999999883e-02
8.355000000000000000e+03 2.269650000000000140e-02
8.375000000000000000e+03 1.805079999999999879e-02
8.395000000000000000e+03 1.451159999999999950e-02
8.415000000000000000e+03 1.194090000000000082e-02
8.435000000000000000e+03 9.816880000000000051e-03
8.455000000000000000e+03 7.999100000000000307e-03
8.475000000000000000e+03 6.645830000000000140e-03
8.495000000000000000e+03 5.591709999999999736e-03
8.515000000000000000e+03 4.744130000000000048e-03
8.535000000000000000e+03 4.062299999999999592e-03
8.555000000000000000e+03 3.504329999999999945e-03
8.575000000000000000e+03 3.033829999999999947e-03
8.595000000000000000e+03 2.624169999999999888e-03
8.615000000000000000e+03 2.284040000000000202e-03
8.635000000000000000e+03 2.004010000000000079e-03
8.655000000000000000e+03 1.780249999999999931e-03
8.675000000000000000e+03 1.593650000000000058e-03
8.695000000000000000e+03 1.429439999999999921e-03
8.715000000000000000e+03 1.279980000000000007e-03
8.735000000000000000e+03 1.180650000000000102e-03
8.755000000000000000e+03 0.000000000000000000e+00
8.775000000000000000e+03 0.000000000000000000e+00
