6.860000000000000000e+03 0.000000000000000000e+00
6.885000000000000000e+03 0.000000000000000000e+00
6.910000000000000000e+03 4.368979999999999739e-03
6.935000000000000000e+03 7.978519999999999363e-03
6.960000000000000000e+03 1.811689999999999828e-02
6.985000000000000000e+03 3.994709999999999928e-02
7.010000000000000000e+03 8.607940000000000036e-02
7.035000000000000000e+03 1.812920000000000087e-01
7.060000000000000000e+03 3.557679999999999731e-01
7.085000000000000000e+03 6.026810000000000223e-01
7.110000000000000000e+03 8.301570000000000338e-01
7.135000000000000000e+03 9.518360000000000154e-01
7.160000000000000000e+03 9.884110000000000396e-01
7.185000000000000000e+03 9.940059999999999452e-01
7.210000000000000000e+03 9.960949999999999527e-01
7.235000000000000000e+03 9.992849999999999788e-01
7.260000000000000000e+03 1.000000000000000000e+00
7.285000000000000000e+03 9.945370000000000044e-01
7.310000000000000000e+03 9.809290000000000509e-01
7.335000000000000000e+03 9.613230000000000386e-01
7.360000000000000000e+03 9.390370000000000106e-01
7.385000000000000000e+03 9.170580000000000398e-01
7.410000000000000000e+03 8.977600000000000025e-01
7.435000000000000000e+03 8.825370000000000159e-01
7.460000000000000000e+03 8.714880000000000404e-01
7.485000000000000000e+03 8.642239999999999922e-01
7.510000000000000000e+03 8.593610000000000415e-01
7.535000000000000000e+03 8.562159999999999771e-01
7.560000000000000000e+03 8.532560000000000144e-01
7.585000000000000000e+03 8.499440000000000328e-01
7.610000000000000000e+03 8.453950000000000076e-01
7.635000000000000000e+03 8.400889999999999747e-01
7.660000000000000000e+03 8.331319999999999837e-01
7.685000000000000000e+03 8.255320000000000435e-01
7.710000000000000000e+03 8.168649999999999523e-01
7.735000000000000000e+03 8.075130000000000363e-01
7.760000000000000000e+03 7.976739999999999942e-01
7.785000000000000000e+03 7.874630000000000241e-01
7.810000000000000000e+03 7.764980000000000215e-01
7.835000000000000000e+03 7.655020000000000158e-01
7.860000000000000000e+03 7.543330000000000313e-01
7.885000000000000000e+03 7.428850000000000176e-01
7.910000000000000000e+03 7.318350000000000133e-01
7.935000000000000000e+03 7.204199999999999493e-01
7.960000000000000000e+03 7.096759999999999735e-01
7.985000000000000000e+03 6.990629999999999900e-01
8.010000000000000000e+03 6.862279999999999491e-01
8.035000000000000000e+03 6.732869999999999688e-01
8.060000000000000000e+03 6.619699999999999473e-01
8.085000000000000000e+03 6.504649999999999599e-01
8.110000000000000000e+03 6.393790000000000306e-01
8.135000000000000000e+03 6.287660000000000471e-01
8.160000000000000000e+03 6.187799999999999967e-01
8.185000000000000000e+03 6.082239999999999869e-01
8.210000000000000000e+03 5.977139999999999675e-01
8.235000000000000000e+03 5.871469999999999745e-01
8.260000000000000000e+03 5.768119999999999914e-01
8.285000000000000000e+03 5.652840000000000087e-01
8.310000000000000000e+03 5.546189999999999731e-01
8.335000000000000000e+03 5.433379999999999876e-01
8.360000000000000000e+03 5.343780000000000197e-01
8.385000000000000000e+03 5.299089999999999634e-01
8.410000000000000000e+03 5.241670000000000496e-01
8.435000000000000000e+03 5.188829999999999831e-01
8.460000000000000000e+03 5.127549999999999608e-01
8.485000000000000000e+03 5.067599999999999882e-01
8.510000000000000000e+03 4.997090000000000143e-01
8.535000000000000000e+03 4.920849999999999946e-01
8.560000000000000000e+03 4.838489999999999736e-01
8.585000000000000000e+03 4.748100000000000098e-01
8.610000000000000000e+03 4.660560000000000258e-01
8.635000000000000000e+03 4.565710000000000046e-01
8.660000000000000000e+03 4.464389999999999747e-01
8.685000000000000000e+03 4.360339999999999772e-01
8.710000000000000000e+03 4.254640000000000088e-01
8.735000000000000000e+03 4.154640000000000000e-01
8.760000000000000000e+03 4.055849999999999733e-01
8.785000000000000000e+03 3.957359999999999767e-01
8.810000000000000000e+03 3.866069999999999784e-01
8.835000000000000000e+03 3.781010000000000204e-01
8.860000000000000000e+03 3.705950000000000077e-01
8.885000000000000000e+03 3.631630000000000136e-01
8.910000000000000000e+03 3.571110000000000118e-01
8.935000000000000000e+03 3.514269999999999894e-01
8.960000000000000000e+03 3.460920000000000107e-01
8.985000000000000000e+03 3.410320000000000018e-01
9.010000000000000000e+03 3.373030000000000195e-01
9.035000000000000000e+03 3.338479999999999781e-01
9.060000000000000000e+03 3.299170000000000158e-01
9.085000000000000000e+03 3.263710000000000222e-01
9.110000000000000000e+03 3.225310000000000121e-01
9.135000000000000000e+03 3.183529999999999971e-01
9.160000000000000000e+03 3.130439999999999889e-01
9.185000000000000000e+03 3.074160000000000226e-01
9.210000000000000000e+03 3.007310000000000261e-01
9.235000000000000000e+03 2.935070000000000179e-01
9.260000000000000000e+03 2.853709999999999858e-01
9.285000000000000000e+03 2.768320000000000225e-01
9.310000000000000000e+03 2.675069999999999948e-01
9.335000000000000000e+03 2.586689999999999823e-01
9.360000000000000000e+03 2.495799999999999963e-01
9.385000000000000000e+03 2.408649999999999958e-01
9.410000000000000000e+03 2.319900000000000018e-01
9.435000000000000000e+03 2.231569999999999943e-01
9.460000000000000000e+03 2.132090000000000096e-01
9.485000000000000000e+03 2.020909999999999929e-01
9.510000000000000000e+03 1.891259999999999886e-01
9.535000000000000000e+03 1.740289999999999893e-01
9.560000000000000000e+03 1.545529999999999959e-01
9.585000000000000000e+03 1.316340000000000010e-01
9.610000000000000000e+03 1.068830000000000058e-01
9.635000000000000000e+03 8.250799999999999801e-02
9.660000000000000000e+03 6.156919999999999754e-02
9.685000000000000000e+03 4.480780000000000179e-02
9.710000000000000000e+03 3.221630000000000327e-02
9.735000000000000000e+03 2.306400000000000117e-02
9.760000000000000000e+03 1.643630000000000091e-02
9.785000000000000000e+03 1.174560000000000014e-02
9.810000000000000000e+03 8.375489999999999324e-03
9.835000000000000000e+03 6.022910000000000243e-03
9.860000000000000000e+03 4.356849999999999785e-03
9.885000000000000000e+03 3.180849999999999823e-03
9.910000000000000000e+03 2.568759999999999794e-03
9.935000000000000000e+03 0.000000000000000000e+00
9.960000000000000000e+03 0.000000000000000000e+00
