7.940000000000000000e+03 0.000000000000000000e+00
7.970000000000000000e+03 0.000000000000000000e+00
8.000000000000000000e+03 2.129180000000000048e-03
8.030000000000000000e+03 2.531300000000000217e-03
8.060000000000000000e+03 3.046119999999999817e-03
8.090000000000000000e+03 3.535659999999999931e-03
8.120000000000000000e+03 4.000309999999999977e-03
8.150000000000000000e+03 4.440450000000000300e-03
8.180000000000000000e+03 4.856469999999999884e-03
8.210000000000000000e+03 5.248740000000000003e-03
8.240000000000000000e+03 5.617650000000000074e-03
8.270000000000000000e+03 5.963579999999999576e-03
8.300000000000000000e+03 6.692540000000000294e-03
8.330000000000000000e+03 2.742429999999999868e-02
8.360000000000000000e+03 7.060950000000000559e-02
8.390000000000000000e+03 1.335290000000000088e-01
8.420000000000000000e+03 2.151349999999999929e-01
8.450000000000000000e+03 3.123389999999999778e-01
8.480000000000000000e+03 4.184669999999999779e-01
8.510000000000000000e+03 5.267519999999999980e-01
8.540000000000000000e+03 6.286739999999999551e-01
8.570000000000000000e+03 7.191800000000000415e-01
8.600000000000000000e+03 7.937929999999999708e-01
8.630000000000000000e+03 8.565620000000000456e-01
8.660000000000000000e+03 9.049199999999999466e-01
8.690000000000000000e+03 9.418029999999999458e-01
8.720000000000000000e+03 9.689010000000000122e-01
8.750000000000000000e+03 9.865990000000000038e-01
8.780000000000000000e+03 9.966779999999999529e-01
8.810000000000000000e+03 1.000000000000000000e+00
8.840000000000000000e+03 9.968029999999999946e-01
8.870000000000000000e+03 9.892030000000000545e-01
8.900000000000000000e+03 9.799919999999999742e-01
8.930000000000000000e+03 9.670330000000000314e-01
8.960000000000000000e+03 9.507860000000000200e-01
8.990000000000000000e+03 9.324750000000000538e-01
9.020000000000000000e+03 9.137720000000000287e-01
9.050000000000000000e+03 8.956790000000000029e-01
9.080000000000000000e+03 8.748129999999999518e-01
9.110000000000000000e+03 8.537860000000000449e-01
9.140000000000000000e+03 8.314080000000000359e-01
9.170000000000000000e+03 8.084059999999999580e-01
9.200000000000000000e+03 7.846009999999999929e-01
9.230000000000000000e+03 7.609909999999999730e-01
9.260000000000000000e+03 7.356139999999999901e-01
9.290000000000000000e+03 7.092589999999999728e-01
9.320000000000000000e+03 6.828570000000000473e-01
9.350000000000000000e+03 6.564259999999999540e-01
9.380000000000000000e+03 6.291259999999999630e-01
9.410000000000000000e+03 6.011269999999999669e-01
9.440000000000000000e+03 5.733939999999999593e-01
9.470000000000000000e+03 5.450099999999999945e-01
9.500000000000000000e+03 5.167169999999999819e-01
9.530000000000000000e+03 4.934180000000000232e-01
9.560000000000000000e+03 4.712250000000000050e-01
9.590000000000000000e+03 4.490460000000000007e-01
9.620000000000000000e+03 4.270749999999999824e-01
9.650000000000000000e+03 4.056190000000000073e-01
9.680000000000000000e+03 3.837329999999999908e-01
9.710000000000000000e+03 3.627509999999999901e-01
9.740000000000000000e+03 3.412009999999999765e-01
9.770000000000000000e+03 3.203400000000000136e-01
9.800000000000000000e+03 2.989370000000000083e-01
9.830000000000000000e+03 2.777939999999999854e-01
9.860000000000000000e+03 2.572220000000000062e-01
9.890000000000000000e+03 2.368230000000000057e-01
9.920000000000000000e+03 2.164500000000000035e-01
9.950000000000000000e+03 1.965840000000000087e-01
9.980000000000000000e+03 1.769820000000000004e-01
1.001000000000000000e+04 1.605840000000000045e-01
1.004000000000000000e+04 1.496020000000000127e-01
1.007000000000000000e+04 1.388540000000000052e-01
1.010000000000000000e+04 1.285109999999999864e-01
1.013000000000000000e+04 1.186689999999999967e-01
1.016000000000000000e+04 1.089740000000000014e-01
1.019000000000000000e+04 9.957000000000000572e-02
1.022000000000000000e+04 9.041659999999999975e-02
1.025000000000000000e+04 8.154469999999999774e-02
1.028000000000000000e+04 7.288590000000000346e-02
1.031000000000000000e+04 6.460749999999999826e-02
1.034000000000000000e+04 5.658450000000000285e-02
1.037000000000000000e+04 4.885130000000000028e-02
1.040000000000000000e+04 4.136859999999999843e-02
1.043000000000000000e+04 3.417209999999999692e-02
1.046000000000000000e+04 2.732249999999999956e-02
1.049000000000000000e+04 2.076700000000000074e-02
1.052000000000000000e+04 1.766619999999999996e-02
1.055000000000000000e+04 1.641139999999999960e-02
1.058000000000000000e+04 1.517529999999999921e-02
1.061000000000000000e+04 1.399680000000000021e-02
1.064000000000000000e+04 1.285509999999999951e-02
1.067000000000000000e+04 1.175539999999999918e-02
1.070000000000000000e+04 1.069200000000000012e-02
1.073000000000000000e+04 9.676330000000000348e-03
1.076000000000000000e+04 8.718300000000000008e-03
1.079000000000000000e+04 7.775119999999999948e-03
1.082000000000000000e+04 6.885790000000000140e-03
1.085000000000000000e+04 6.026189999999999845e-03
1.088000000000000000e+04 5.220680000000000112e-03
1.091000000000000000e+04 4.645080000000000216e-03
1.094000000000000000e+04 0.000000000000000000e+00
1.097000000000000000e+04 0.000000000000000000e+00
