2.960000000000000000e+03 0.000000000000000000e+00
2.980000000000000000e+03 0.000000000000000000e+00
3.000000000000000000e+03 1.184340000000000003e-07
3.020000000000000000e+03 1.095800000000000077e-11
3.040000000000000000e+03 1.966430000000000053e-11
3.060000000000000000e+03 2.770639999999999996e-11
3.080000000000000000e+03 3.534129999999999846e-11
3.100000000000000000e+03 4.269040000000000154e-11
3.120000000000000000e+03 4.981730000000000099e-11
3.140000000000000000e+03 5.676680000000000243e-11
3.160000000000000000e+03 6.532430000000000106e-11
3.180000000000000000e+03 4.853190000000000200e-05
3.200000000000000000e+03 1.146910000000000036e-04
3.220000000000000000e+03 1.669549999999999897e-04
3.240000000000000000e+03 2.292179999999999999e-04
3.260000000000000000e+03 2.973900000000000241e-04
3.280000000000000000e+03 3.737160000000000113e-04
3.300000000000000000e+03 5.180869999999999746e-04
3.320000000000000000e+03 6.701580000000000167e-04
3.340000000000000000e+03 7.267019999999999686e-04
3.360000000000000000e+03 7.890720000000000373e-04
3.380000000000000000e+03 8.498950000000000341e-04
3.400000000000000000e+03 9.082060000000000523e-04
3.420000000000000000e+03 9.824829999999999241e-04
3.440000000000000000e+03 1.053249999999999933e-03
3.460000000000000000e+03 1.124189999999999955e-03
3.480000000000000000e+03 1.214079999999999977e-03
3.500000000000000000e+03 1.329990000000000078e-03
3.520000000000000000e+03 1.440620000000000095e-03
3.540000000000000000e+03 1.599189999999999900e-03
3.560000000000000000e+03 1.926369999999999949e-03
3.580000000000000000e+03 1.782649999999999990e-03
3.600000000000000000e+03 1.606750000000000105e-03
3.620000000000000000e+03 1.351669999999999911e-03
3.640000000000000000e+03 8.667730000000000443e-04
3.660000000000000000e+03 8.481759999999999647e-04
3.680000000000000000e+03 8.271539999999999752e-04
3.700000000000000000e+03 8.200469999999999635e-04
3.720000000000000000e+03 7.981750000000000346e-04
3.740000000000000000e+03 7.915240000000000470e-04
3.760000000000000000e+03 8.060110000000000321e-04
3.780000000000000000e+03 8.073810000000000275e-04
3.800000000000000000e+03 8.329910000000000482e-04
3.820000000000000000e+03 8.853720000000000470e-04
3.840000000000000000e+03 9.460510000000000533e-04
3.860000000000000000e+03 1.062350000000000100e-03
3.880000000000000000e+03 1.210740000000000080e-03
3.900000000000000000e+03 1.421249999999999987e-03
3.920000000000000000e+03 1.765670000000000000e-03
3.940000000000000000e+03 2.287819999999999871e-03
3.960000000000000000e+03 3.105430000000000169e-03
3.980000000000000000e+03 4.416400000000000013e-03
4.000000000000000000e+03 6.662310000000000280e-03
4.020000000000000000e+03 1.123739999999999982e-02
4.040000000000000000e+03 2.056109999999999882e-02
4.060000000000000000e+03 3.922359999999999736e-02
4.080000000000000000e+03 7.629339999999999733e-02
4.100000000000000000e+03 1.409009999999999985e-01
4.120000000000000000e+03 2.383929999999999938e-01
4.140000000000000000e+03 3.652869999999999728e-01
4.160000000000000000e+03 5.007530000000000037e-01
4.180000000000000000e+03 6.209620000000000140e-01
4.200000000000000000e+03 7.073610000000000175e-01
4.220000000000000000e+03 7.539869999999999628e-01
4.240000000000000000e+03 7.746520000000000072e-01
4.260000000000000000e+03 7.846849999999999659e-01
4.280000000000000000e+03 7.960450000000000026e-01
4.300000000000000000e+03 8.091800000000000104e-01
4.320000000000000000e+03 8.194399999999999462e-01
4.340000000000000000e+03 8.251479999999999926e-01
4.360000000000000000e+03 8.274890000000000301e-01
4.380000000000000000e+03 8.314289999999999736e-01
4.400000000000000000e+03 8.400389999999999802e-01
4.420000000000000000e+03 8.536569999999999991e-01
4.440000000000000000e+03 8.688810000000000144e-01
4.460000000000000000e+03 8.817260000000000097e-01
4.480000000000000000e+03 8.907509999999999595e-01
4.500000000000000000e+03 8.975480000000000125e-01
4.520000000000000000e+03 9.045640000000000347e-01
4.540000000000000000e+03 9.136600000000000277e-01
4.560000000000000000e+03 9.254820000000000269e-01
4.580000000000000000e+03 9.395559999999999468e-01
4.600000000000000000e+03 9.518670000000000186e-01
4.620000000000000000e+03 9.587170000000000414e-01
4.640000000000000000e+03 9.597790000000000488e-01
4.660000000000000000e+03 9.560689999999999467e-01
4.680000000000000000e+03 9.509189999999999587e-01
4.700000000000000000e+03 9.478630000000000111e-01
4.720000000000000000e+03 9.482009999999999605e-01
4.740000000000000000e+03 9.535059999999999647e-01
4.760000000000000000e+03 9.630710000000000104e-01
4.780000000000000000e+03 9.744019999999999904e-01
4.800000000000000000e+03 9.849470000000000169e-01
4.820000000000000000e+03 9.926169999999999716e-01
4.840000000000000000e+03 9.965880000000000294e-01
4.860000000000000000e+03 9.977970000000000450e-01
4.880000000000000000e+03 9.988120000000000331e-01
4.900000000000000000e+03 1.000000000000000000e+00
4.920000000000000000e+03 9.997869999999999813e-01
4.940000000000000000e+03 9.956159999999999455e-01
4.960000000000000000e+03 9.843300000000000383e-01
4.980000000000000000e+03 9.675550000000000539e-01
5.000000000000000000e+03 9.501720000000000166e-01
5.020000000000000000e+03 9.369840000000000391e-01
5.040000000000000000e+03 9.310950000000000060e-01
5.060000000000000000e+03 9.298020000000000174e-01
5.080000000000000000e+03 9.284670000000000423e-01
5.100000000000000000e+03 9.234729999999999883e-01
5.120000000000000000e+03 9.143170000000000464e-01
5.140000000000000000e+03 9.037519999999999998e-01
5.160000000000000000e+03 8.949730000000000185e-01
5.180000000000000000e+03 8.914299999999999446e-01
5.200000000000000000e+03 8.951609999999999845e-01
5.220000000000000000e+03 9.069190000000000307e-01
5.240000000000000000e+03 9.232869999999999688e-01
5.260000000000000000e+03 9.378729999999999567e-01
5.280000000000000000e+03 9.417740000000000000e-01
5.300000000000000000e+03 9.347440000000000193e-01
5.320000000000000000e+03 9.220760000000000067e-01
5.340000000000000000e+03 9.114510000000000112e-01
5.360000000000000000e+03 9.101920000000000011e-01
5.380000000000000000e+03 9.154830000000000467e-01
5.400000000000000000e+03 9.183700000000000196e-01
5.420000000000000000e+03 9.085879999999999512e-01
5.440000000000000000e+03 8.804130000000000011e-01
5.460000000000000000e+03 8.365569999999999951e-01
5.480000000000000000e+03 7.869950000000000001e-01
5.500000000000000000e+03 7.413790000000000102e-01
5.520000000000000000e+03 7.048590000000000133e-01
5.540000000000000000e+03 6.726379999999999582e-01
5.560000000000000000e+03 6.345979999999999954e-01
5.580000000000000000e+03 5.822079999999999478e-01
5.600000000000000000e+03 5.121430000000000149e-01
5.620000000000000000e+03 4.278159999999999741e-01
5.640000000000000000e+03 3.368490000000000095e-01
5.660000000000000000e+03 2.488660000000000039e-01
5.680000000000000000e+03 1.726020000000000054e-01
5.700000000000000000e+03 1.127439999999999970e-01
5.720000000000000000e+03 7.012780000000000402e-02
5.740000000000000000e+03 4.236390000000000294e-02
5.760000000000000000e+03 2.497519999999999948e-02
5.780000000000000000e+03 1.440269999999999918e-02
5.800000000000000000e+03 8.318340000000000456e-03
5.820000000000000000e+03 4.931510000000000060e-03
5.840000000000000000e+03 3.038449999999999832e-03
5.860000000000000000e+03 1.965750000000000049e-03
5.880000000000000000e+03 1.434809999999999905e-03
5.900000000000000000e+03 1.221649999999999906e-03
5.920000000000000000e+03 1.135390000000000010e-03
5.940000000000000000e+03 1.122909999999999967e-03
5.960000000000000000e+03 1.068630000000000101e-03
5.980000000000000000e+03 9.936910000000001054e-04
6.000000000000000000e+03 8.459099999999999562e-04
6.020000000000000000e+03 6.887030000000000365e-04
6.040000000000000000e+03 5.213109999999999966e-04
6.060000000000000000e+03 3.854570000000000197e-04
6.080000000000000000e+03 3.018620000000000179e-04
6.100000000000000000e+03 2.496089999999999746e-04
6.120000000000000000e+03 2.388950000000000090e-04
6.140000000000000000e+03 2.385819999999999868e-04
6.160000000000000000e+03 2.382689999999999917e-04
6.180000000000000000e+03 2.378950000000000118e-04
6.200000000000000000e+03 2.372420000000000030e-04
6.220000000000000000e+03 2.672239999999999880e-04
6.240000000000000000e+03 2.969919999999999917e-04
6.260000000000000000e+03 3.469449999999999791e-04
6.280000000000000000e+03 3.761980000000000055e-04
6.300000000000000000e+03 3.849650000000000251e-04
6.320000000000000000e+03 3.734759999999999729e-04
6.340000000000000000e+03 3.218920000000000006e-04
6.360000000000000000e+03 2.908760000000000252e-04
6.380000000000000000e+03 2.700280000000000106e-04
6.400000000000000000e+03 2.692460000000000036e-04
6.420000000000000000e+03 2.684610000000000034e-04
6.440000000000000000e+03 2.676749999999999876e-04
6.460000000000000000e+03 2.668929999999999805e-04
6.480000000000000000e+03 2.661060000000000031e-04
6.500000000000000000e+03 2.653180000000000100e-04
6.520000000000000000e+03 2.643899999999999809e-04
6.540000000000000000e+03 2.829759999999999958e-04
6.560000000000000000e+03 3.111500000000000008e-04
6.580000000000000000e+03 3.391189999999999764e-04
6.600000000000000000e+03 3.668829999999999769e-04
6.620000000000000000e+03 3.848209999999999804e-04
6.640000000000000000e+03 3.834509999999999850e-04
6.660000000000000000e+03 3.629759999999999888e-04
6.680000000000000000e+03 3.616760000000000114e-04
6.700000000000000000e+03 3.603759999999999798e-04
6.720000000000000000e+03 3.590849999999999815e-04
6.740000000000000000e+03 3.577380000000000230e-04
6.760000000000000000e+03 3.563999999999999894e-04
6.780000000000000000e+03 3.550550000000000082e-04
6.800000000000000000e+03 3.537160000000000130e-04
6.820000000000000000e+03 3.709240000000000150e-04
6.840000000000000000e+03 3.710079999999999823e-04
6.860000000000000000e+03 3.795119999999999809e-04
6.880000000000000000e+03 3.701569999999999730e-04
6.900000000000000000e+03 3.827219999999999993e-04
6.920000000000000000e+03 4.042119999999999849e-04
6.940000000000000000e+03 4.171299999999999856e-04
6.960000000000000000e+03 4.391369999999999801e-04
6.980000000000000000e+03 4.433470000000000228e-04
7.000000000000000000e+03 4.513049999999999896e-04
7.020000000000000000e+03 4.500150000000000070e-04
7.040000000000000000e+03 4.756440000000000017e-04
7.060000000000000000e+03 4.921629999999999972e-04
7.080000000000000000e+03 4.996589999999999539e-04
7.100000000000000000e+03 5.337859999999999610e-04
7.120000000000000000e+03 5.586869999999999857e-04
7.140000000000000000e+03 5.557620000000000095e-04
7.160000000000000000e+03 5.593879999999999643e-04
7.180000000000000000e+03 5.610279999999999824e-04
7.200000000000000000e+03 5.749250000000000020e-04
7.220000000000000000e+03 5.971569999999999613e-04
7.240000000000000000e+03 6.196829999999999960e-04
7.260000000000000000e+03 6.255419999999999817e-04
7.280000000000000000e+03 6.477279999999999757e-04
7.300000000000000000e+03 6.615380000000000349e-04
7.320000000000000000e+03 6.768860000000000241e-04
7.340000000000000000e+03 7.089260000000000223e-04
7.360000000000000000e+03 7.218529999999999478e-04
7.380000000000000000e+03 7.341360000000000333e-04
7.400000000000000000e+03 7.626300000000000353e-04
7.420000000000000000e+03 7.825910000000000158e-04
7.440000000000000000e+03 7.941380000000000054e-04
7.460000000000000000e+03 8.216159999999999479e-04
7.480000000000000000e+03 8.408769999999999656e-04
7.500000000000000000e+03 8.759150000000000052e-04
7.520000000000000000e+03 9.184080000000000065e-04
7.540000000000000000e+03 9.603629999999999936e-04
7.560000000000000000e+03 9.939289999999999497e-04
7.580000000000000000e+03 1.011380000000000091e-03
7.600000000000000000e+03 6.904110000000000412e-04
7.620000000000000000e+03 7.885760000000000339e-04
7.640000000000000000e+03 7.846749999999999775e-04
7.660000000000000000e+03 1.000479999999999989e-03
7.680000000000000000e+03 1.178669999999999935e-03
7.700000000000000000e+03 1.180639999999999945e-03
7.720000000000000000e+03 1.165879999999999998e-03
7.740000000000000000e+03 0.000000000000000000e+00
7.760000000000000000e+03 0.000000000000000000e+00
