5.450000000000000000e+03 0.000000000000000000e+00
5.475000000000000000e+03 0.000000000000000000e+00
5.500000000000000000e+03 2.003189999999999908e-04
5.525000000000000000e+03 1.830939999999999922e-04
5.550000000000000000e+03 1.632629999999999986e-04
5.575000000000000000e+03 1.626680000000000086e-04
5.600000000000000000e+03 1.621449999999999866e-04
5.625000000000000000e+03 1.698310000000000076e-04
5.650000000000000000e+03 1.878070000000000130e-04
5.675000000000000000e+03 1.965229999999999885e-04
5.700000000000000000e+03 1.999450000000000110e-04
5.725000000000000000e+03 1.952029999999999944e-04
5.750000000000000000e+03 1.722059999999999975e-04
5.775000000000000000e+03 1.583219999999999929e-04
5.800000000000000000e+03 1.578039999999999955e-04
5.825000000000000000e+03 1.574380000000000061e-04
5.850000000000000000e+03 1.570959999999999880e-04
5.875000000000000000e+03 1.567530000000000084e-04
5.900000000000000000e+03 1.564090000000000131e-04
5.925000000000000000e+03 1.560649999999999906e-04
5.950000000000000000e+03 1.557290000000000128e-04
5.975000000000000000e+03 1.554089999999999888e-04
6.000000000000000000e+03 1.551190000000000034e-04
6.025000000000000000e+03 1.549420000000000083e-04
6.050000000000000000e+03 1.547829999999999985e-04
6.075000000000000000e+03 1.546230000000000000e-04
6.100000000000000000e+03 1.544499999999999866e-04
6.125000000000000000e+03 1.542089999999999867e-04
6.150000000000000000e+03 1.541160000000000132e-04
6.175000000000000000e+03 1.721399999999999883e-04
6.200000000000000000e+03 1.894649999999999893e-04
6.225000000000000000e+03 1.983959999999999890e-04
6.250000000000000000e+03 2.213940000000000016e-04
6.275000000000000000e+03 2.448700000000000052e-04
6.300000000000000000e+03 2.652369999999999815e-04
6.325000000000000000e+03 2.971110000000000222e-04
6.350000000000000000e+03 3.295810000000000146e-04
6.375000000000000000e+03 3.794460000000000259e-04
6.400000000000000000e+03 4.357729999999999763e-04
6.425000000000000000e+03 5.109449999999999539e-04
6.450000000000000000e+03 6.188570000000000008e-04
6.475000000000000000e+03 7.550389999999999923e-04
6.500000000000000000e+03 9.194900000000000208e-04
6.525000000000000000e+03 1.142369999999999974e-03
6.550000000000000000e+03 1.417080000000000032e-03
6.575000000000000000e+03 1.792669999999999897e-03
6.600000000000000000e+03 2.298549999999999899e-03
6.625000000000000000e+03 2.965839999999999969e-03
6.650000000000000000e+03 3.868710000000000031e-03
6.675000000000000000e+03 5.122110000000000031e-03
6.700000000000000000e+03 6.888939999999999647e-03
6.725000000000000000e+03 9.356349999999999389e-03
6.750000000000000000e+03 1.281850000000000003e-02
6.775000000000000000e+03 1.778940000000000035e-02
6.800000000000000000e+03 2.493570000000000161e-02
6.825000000000000000e+03 3.511759999999999882e-02
6.850000000000000000e+03 4.923160000000000036e-02
6.875000000000000000e+03 7.005359999999999365e-02
6.900000000000000000e+03 1.034100000000000019e-01
6.925000000000000000e+03 1.533529999999999893e-01
6.950000000000000000e+03 2.242550000000000099e-01
6.975000000000000000e+03 3.196080000000000032e-01
7.000000000000000000e+03 4.332659999999999845e-01
7.025000000000000000e+03 5.601500000000000368e-01
7.050000000000000000e+03 6.908800000000000496e-01
7.075000000000000000e+03 8.115670000000000384e-01
7.100000000000000000e+03 9.100150000000000183e-01
7.125000000000000000e+03 9.787639999999999674e-01
7.150000000000000000e+03 1.000000000000000000e+00
7.175000000000000000e+03 9.749999999999999778e-01
7.200000000000000000e+03 9.803220000000000267e-01
7.225000000000000000e+03 9.895119999999999472e-01
7.250000000000000000e+03 9.832469999999999821e-01
7.275000000000000000e+03 9.751670000000000060e-01
7.300000000000000000e+03 9.694239999999999524e-01
7.325000000000000000e+03 9.780739999999999990e-01
7.350000000000000000e+03 9.822089999999999987e-01
7.375000000000000000e+03 9.755470000000000530e-01
7.400000000000000000e+03 9.691049999999999942e-01
7.425000000000000000e+03 9.626850000000000129e-01
7.450000000000000000e+03 9.561560000000000059e-01
7.475000000000000000e+03 9.491500000000000492e-01
7.500000000000000000e+03 9.413799999999999946e-01
7.525000000000000000e+03 9.327879999999999505e-01
7.550000000000000000e+03 9.229540000000000521e-01
7.575000000000000000e+03 8.824560000000000182e-01
7.600000000000000000e+03 6.475490000000000412e-01
7.625000000000000000e+03 6.339139999999999775e-01
7.650000000000000000e+03 6.878400000000000070e-01
7.675000000000000000e+03 8.398489999999999567e-01
7.700000000000000000e+03 8.729540000000000077e-01
7.725000000000000000e+03 8.694169999999999954e-01
7.750000000000000000e+03 8.665770000000000417e-01
7.775000000000000000e+03 8.647860000000000547e-01
7.800000000000000000e+03 8.639310000000000045e-01
7.825000000000000000e+03 8.627010000000000511e-01
7.850000000000000000e+03 8.606700000000000461e-01
7.875000000000000000e+03 8.574049999999999727e-01
7.900000000000000000e+03 8.518170000000000464e-01
7.925000000000000000e+03 8.421549999999999869e-01
7.950000000000000000e+03 8.296660000000000146e-01
7.975000000000000000e+03 8.159800000000000386e-01
8.000000000000000000e+03 8.019960000000000422e-01
8.025000000000000000e+03 7.879779999999999562e-01
8.050000000000000000e+03 7.746189999999999465e-01
8.075000000000000000e+03 7.627859999999999641e-01
8.100000000000000000e+03 7.502560000000000340e-01
8.125000000000000000e+03 7.249069999999999681e-01
8.150000000000000000e+03 7.041490000000000249e-01
8.175000000000000000e+03 6.925419999999999909e-01
8.200000000000000000e+03 6.777140000000000386e-01
8.225000000000000000e+03 6.592369999999999619e-01
8.250000000000000000e+03 6.366540000000000532e-01
8.275000000000000000e+03 6.087129999999999486e-01
8.300000000000000000e+03 5.777409999999999490e-01
8.325000000000000000e+03 5.550850000000000506e-01
8.350000000000000000e+03 5.350510000000000543e-01
8.375000000000000000e+03 5.162520000000000442e-01
8.400000000000000000e+03 4.985800000000000232e-01
8.425000000000000000e+03 4.805550000000000099e-01
8.450000000000000000e+03 4.572700000000000098e-01
8.475000000000000000e+03 4.231059999999999821e-01
8.500000000000000000e+03 3.737199999999999966e-01
8.525000000000000000e+03 3.097010000000000041e-01
8.550000000000000000e+03 2.390130000000000032e-01
8.575000000000000000e+03 1.731070000000000109e-01
8.600000000000000000e+03 1.163970000000000005e-01
8.625000000000000000e+03 7.424219999999999431e-02
8.650000000000000000e+03 4.728109999999999952e-02
8.675000000000000000e+03 2.991850000000000065e-02
8.700000000000000000e+03 1.987519999999999912e-02
8.725000000000000000e+03 1.159890000000000053e-02
8.750000000000000000e+03 6.990099999999999959e-03
8.775000000000000000e+03 5.187429999999999819e-03
8.800000000000000000e+03 4.186020000000000366e-03
8.825000000000000000e+03 2.676330000000000202e-03
8.850000000000000000e+03 2.018010000000000203e-03
8.875000000000000000e+03 0.000000000000000000e+00
8.900000000000000000e+03 0.000000000000000000e+00
