3.640000000000000000e+03 0.000000000000000000e+00
3.660000000000000000e+03 0.000000000000000000e+00
3.680000000000000000e+03 7.887769999999999461e-04
3.700000000000000000e+03 8.281220000000000378e-04
3.720000000000000000e+03 9.047340000000000286e-04
3.740000000000000000e+03 9.840999999999999054e-04
3.760000000000000000e+03 1.055949999999999944e-03
3.780000000000000000e+03 1.071209999999999957e-03
3.800000000000000000e+03 1.037509999999999951e-03
3.820000000000000000e+03 9.865150000000000915e-04
3.840000000000000000e+03 9.451019999999999647e-04
3.860000000000000000e+03 9.665220000000000408e-04
3.880000000000000000e+03 1.047090000000000087e-03
3.900000000000000000e+03 1.140479999999999923e-03
3.920000000000000000e+03 1.173039999999999977e-03
3.940000000000000000e+03 1.109570000000000044e-03
3.960000000000000000e+03 9.449260000000000125e-04
3.980000000000000000e+03 7.442419999999999938e-04
4.000000000000000000e+03 5.675920000000000097e-04
4.020000000000000000e+03 4.615500000000000245e-04
4.040000000000000000e+03 4.405999999999999760e-04
4.060000000000000000e+03 4.924120000000000146e-04
4.080000000000000000e+03 5.856459999999999964e-04
4.100000000000000000e+03 6.754719999999999865e-04
4.120000000000000000e+03 7.285930000000000357e-04
4.140000000000000000e+03 7.007559999999999701e-04
4.160000000000000000e+03 5.939740000000000427e-04
4.180000000000000000e+03 4.762710000000000077e-04
4.200000000000000000e+03 3.734009999999999847e-04
4.220000000000000000e+03 2.980990000000000202e-04
4.240000000000000000e+03 2.661900000000000247e-04
4.260000000000000000e+03 2.417780000000000016e-04
4.280000000000000000e+03 2.251139999999999999e-04
4.300000000000000000e+03 2.151880000000000004e-04
4.320000000000000000e+03 2.003259999999999926e-04
4.340000000000000000e+03 1.899840000000000025e-04
4.360000000000000000e+03 1.746390000000000063e-04
4.380000000000000000e+03 1.638859999999999959e-04
4.400000000000000000e+03 1.480630000000000086e-04
4.420000000000000000e+03 1.394769999999999929e-04
4.440000000000000000e+03 1.395350000000000117e-04
4.460000000000000000e+03 1.408380000000000092e-04
4.480000000000000000e+03 1.395869999999999902e-04
4.500000000000000000e+03 1.255019999999999920e-04
4.520000000000000000e+03 1.240059999999999915e-04
4.540000000000000000e+03 1.248110000000000083e-04
4.560000000000000000e+03 1.254019999999999896e-04
4.580000000000000000e+03 1.246460000000000124e-04
4.600000000000000000e+03 1.172889999999999946e-04
4.620000000000000000e+03 1.164489999999999959e-04
4.640000000000000000e+03 1.169059999999999951e-04
4.660000000000000000e+03 1.173579999999999968e-04
4.680000000000000000e+03 1.151250000000000065e-04
4.700000000000000000e+03 9.944360000000000450e-05
4.720000000000000000e+03 9.575220000000000118e-05
4.740000000000000000e+03 8.932009999999999885e-05
4.760000000000000000e+03 9.642089999999999700e-05
4.780000000000000000e+03 9.674080000000000049e-05
4.800000000000000000e+03 9.023819999999999942e-05
4.820000000000000000e+03 9.739709999999999622e-05
4.840000000000000000e+03 1.018480000000000047e-04
4.860000000000000000e+03 1.201329999999999965e-04
4.880000000000000000e+03 1.315939999999999872e-04
4.900000000000000000e+03 1.333990000000000013e-04
4.920000000000000000e+03 1.337760000000000012e-04
4.940000000000000000e+03 1.341439999999999950e-04
4.960000000000000000e+03 1.345150000000000089e-04
4.980000000000000000e+03 1.348870000000000114e-04
5.000000000000000000e+03 1.352459999999999990e-04
5.020000000000000000e+03 1.383579999999999923e-04
5.040000000000000000e+03 1.569960000000000127e-04
5.060000000000000000e+03 1.714399999999999984e-04
5.080000000000000000e+03 1.916119999999999943e-04
5.100000000000000000e+03 2.061689999999999974e-04
5.120000000000000000e+03 2.307490000000000094e-04
5.140000000000000000e+03 2.753909999999999930e-04
5.160000000000000000e+03 3.316160000000000180e-04
5.180000000000000000e+03 3.909009999999999764e-04
5.200000000000000000e+03 4.633060000000000260e-04
5.220000000000000000e+03 5.661400000000000243e-04
5.240000000000000000e+03 6.981210000000000063e-04
5.260000000000000000e+03 8.866180000000000415e-04
5.280000000000000000e+03 1.155320000000000045e-03
5.300000000000000000e+03 1.526800000000000032e-03
5.320000000000000000e+03 2.027769999999999920e-03
5.340000000000000000e+03 2.711560000000000012e-03
5.360000000000000000e+03 3.645209999999999857e-03
5.380000000000000000e+03 4.965569999999999880e-03
5.400000000000000000e+03 6.882919999999999837e-03
5.420000000000000000e+03 9.680289999999999381e-03
5.440000000000000000e+03 1.390459999999999960e-02
5.460000000000000000e+03 2.028869999999999979e-02
5.480000000000000000e+03 2.984610000000000041e-02
5.500000000000000000e+03 4.387459999999999971e-02
5.520000000000000000e+03 6.392130000000000034e-02
5.540000000000000000e+03 9.177680000000000560e-02
5.560000000000000000e+03 1.290890000000000093e-01
5.580000000000000000e+03 1.771840000000000082e-01
5.600000000000000000e+03 2.368780000000000052e-01
5.620000000000000000e+03 3.081789999999999807e-01
5.640000000000000000e+03 3.902999999999999803e-01
5.660000000000000000e+03 4.802939999999999987e-01
5.680000000000000000e+03 5.733780000000000543e-01
5.700000000000000000e+03 6.625600000000000378e-01
5.720000000000000000e+03 7.398749999999999494e-01
5.740000000000000000e+03 7.992489999999999872e-01
5.760000000000000000e+03 8.368430000000000035e-01
5.780000000000000000e+03 8.533560000000000034e-01
5.800000000000000000e+03 8.532980000000000009e-01
5.820000000000000000e+03 8.439119999999999955e-01
5.840000000000000000e+03 8.322220000000000173e-01
5.860000000000000000e+03 8.235759999999999748e-01
5.880000000000000000e+03 8.210819999999999785e-01
5.900000000000000000e+03 8.242329999999999934e-01
5.920000000000000000e+03 8.308069999999999622e-01
5.940000000000000000e+03 8.383169999999999789e-01
5.960000000000000000e+03 8.450560000000000294e-01
5.980000000000000000e+03 8.511199999999999877e-01
6.000000000000000000e+03 8.579799999999999649e-01
6.020000000000000000e+03 8.675950000000000051e-01
6.040000000000000000e+03 8.805159999999999654e-01
6.060000000000000000e+03 8.965629999999999988e-01
6.080000000000000000e+03 9.143909999999999538e-01
6.100000000000000000e+03 9.323350000000000248e-01
6.120000000000000000e+03 9.482099999999999973e-01
6.140000000000000000e+03 9.610060000000000269e-01
6.160000000000000000e+03 9.704939999999999678e-01
6.180000000000000000e+03 9.771809999999999663e-01
6.200000000000000000e+03 9.816770000000000218e-01
6.220000000000000000e+03 9.854490000000000194e-01
6.240000000000000000e+03 9.896760000000000002e-01
6.260000000000000000e+03 9.939019999999999522e-01
6.280000000000000000e+03 9.974100000000000188e-01
6.300000000000000000e+03 9.994969999999999688e-01
6.320000000000000000e+03 1.000000000000000000e+00
6.340000000000000000e+03 9.988850000000000229e-01
6.360000000000000000e+03 9.966669999999999696e-01
6.380000000000000000e+03 9.928569999999999895e-01
6.400000000000000000e+03 9.871729999999999672e-01
6.420000000000000000e+03 9.800780000000000047e-01
6.440000000000000000e+03 9.718470000000000164e-01
6.460000000000000000e+03 9.631990000000000274e-01
6.480000000000000000e+03 9.543599999999999861e-01
6.500000000000000000e+03 9.447729999999999739e-01
6.520000000000000000e+03 9.330939999999999790e-01
6.540000000000000000e+03 9.179070000000000285e-01
6.560000000000000000e+03 8.981609999999999872e-01
6.580000000000000000e+03 8.733610000000000539e-01
6.600000000000000000e+03 8.433929999999999483e-01
6.620000000000000000e+03 8.094289999999999541e-01
6.640000000000000000e+03 7.733630000000000226e-01
6.660000000000000000e+03 7.379829999999999446e-01
6.680000000000000000e+03 7.068119999999999958e-01
6.700000000000000000e+03 6.831700000000000550e-01
6.720000000000000000e+03 6.696790000000000243e-01
6.740000000000000000e+03 6.677450000000000330e-01
6.760000000000000000e+03 6.779889999999999528e-01
6.780000000000000000e+03 6.981289999999999996e-01
6.800000000000000000e+03 7.201809999999999601e-01
6.820000000000000000e+03 7.277360000000000495e-01
6.840000000000000000e+03 6.933430000000000426e-01
6.860000000000000000e+03 6.151229999999999754e-01
6.880000000000000000e+03 5.011729999999999796e-01
6.900000000000000000e+03 3.776880000000000237e-01
6.920000000000000000e+03 2.560399999999999898e-01
6.940000000000000000e+03 1.559379999999999933e-01
6.960000000000000000e+03 8.715140000000000386e-02
6.980000000000000000e+03 4.697930000000000161e-02
7.000000000000000000e+03 2.585300000000000098e-02
7.020000000000000000e+03 1.515279999999999926e-02
7.040000000000000000e+03 9.453210000000000085e-03
7.060000000000000000e+03 6.182870000000000033e-03
7.080000000000000000e+03 4.194680000000000110e-03
7.100000000000000000e+03 2.937799999999999960e-03
7.120000000000000000e+03 2.128150000000000094e-03
7.140000000000000000e+03 1.585239999999999913e-03
7.160000000000000000e+03 1.203410000000000027e-03
7.180000000000000000e+03 9.395900000000000215e-04
7.200000000000000000e+03 7.933280000000000453e-04
7.220000000000000000e+03 6.931939999999999500e-04
7.240000000000000000e+03 6.012780000000000121e-04
7.260000000000000000e+03 5.352490000000000112e-04
7.280000000000000000e+03 4.771099999999999907e-04
7.300000000000000000e+03 4.412320000000000066e-04
7.320000000000000000e+03 4.270079999999999883e-04
7.340000000000000000e+03 4.199079999999999783e-04
7.360000000000000000e+03 4.035449999999999996e-04
7.380000000000000000e+03 3.926959999999999956e-04
7.400000000000000000e+03 3.893289999999999989e-04
7.420000000000000000e+03 3.880779999999999798e-04
7.440000000000000000e+03 3.941199999999999738e-04
7.460000000000000000e+03 4.052910000000000063e-04
7.480000000000000000e+03 4.050179999999999904e-04
7.500000000000000000e+03 4.027090000000000097e-04
7.520000000000000000e+03 4.004069999999999765e-04
7.540000000000000000e+03 3.981039999999999818e-04
7.560000000000000000e+03 3.956659999999999756e-04
7.580000000000000000e+03 3.778540000000000045e-04
7.600000000000000000e+03 2.913689999999999813e-04
7.620000000000000000e+03 2.995119999999999879e-04
7.640000000000000000e+03 3.109400000000000011e-04
7.660000000000000000e+03 3.776189999999999907e-04
7.680000000000000000e+03 4.427359999999999976e-04
7.700000000000000000e+03 4.500840000000000092e-04
7.720000000000000000e+03 4.493049999999999952e-04
7.740000000000000000e+03 4.589700000000000051e-04
7.760000000000000000e+03 4.656190000000000155e-04
7.780000000000000000e+03 4.787519999999999862e-04
7.800000000000000000e+03 5.020380000000000068e-04
7.820000000000000000e+03 5.147179999999999464e-04
7.840000000000000000e+03 5.215969999999999461e-04
7.860000000000000000e+03 5.375570000000000305e-04
7.880000000000000000e+03 5.486990000000000400e-04
7.900000000000000000e+03 5.548830000000000472e-04
7.920000000000000000e+03 5.669790000000000073e-04
7.940000000000000000e+03 5.641650000000000440e-04
7.960000000000000000e+03 5.612220000000000012e-04
7.980000000000000000e+03 5.739700000000000357e-04
8.000000000000000000e+03 5.898179999999999829e-04
8.020000000000000000e+03 6.095160000000000508e-04
8.040000000000000000e+03 6.227560000000000257e-04
8.060000000000000000e+03 6.254869999999999831e-04
8.080000000000000000e+03 6.329639999999999659e-04
8.100000000000000000e+03 6.459680000000000196e-04
8.120000000000000000e+03 6.333239999999999963e-04
8.140000000000000000e+03 6.328720000000000352e-04
8.160000000000000000e+03 6.501109999999999832e-04
8.180000000000000000e+03 6.521199999999999566e-04
8.200000000000000000e+03 0.000000000000000000e+00
8.220000000000000000e+03 0.000000000000000000e+00
