2.960000000000000000e+03 0.000000000000000000e+00
2.980000000000000000e+03 0.000000000000000000e+00
3.000000000000000000e+03 8.196930000000000065e-08
3.020000000000000000e+03 1.877670000000000016e-11
3.040000000000000000e+03 3.369529999999999840e-11
3.060000000000000000e+03 4.747550000000000061e-11
3.080000000000000000e+03 6.055809999999999739e-11
3.100000000000000000e+03 7.315099999999999637e-11
3.120000000000000000e+03 8.536309999999999601e-11
3.140000000000000000e+03 9.727119999999999855e-11
3.160000000000000000e+03 1.119349999999999991e-10
3.180000000000000000e+03 6.869779999999999810e-05
3.200000000000000000e+03 2.055050000000000052e-04
3.220000000000000000e+03 4.012379999999999961e-04
3.240000000000000000e+03 8.326749999999999517e-04
3.260000000000000000e+03 2.025599999999999797e-03
3.280000000000000000e+03 5.743840000000000057e-03
3.300000000000000000e+03 1.740179999999999852e-02
3.320000000000000000e+03 4.428669999999999829e-02
3.340000000000000000e+03 8.255780000000000063e-02
3.360000000000000000e+03 1.323819999999999997e-01
3.380000000000000000e+03 1.873039999999999983e-01
3.400000000000000000e+03 2.404969999999999886e-01
3.420000000000000000e+03 2.854189999999999783e-01
3.440000000000000000e+03 3.241930000000000089e-01
3.460000000000000000e+03 3.626699999999999924e-01
3.480000000000000000e+03 4.045150000000000134e-01
3.500000000000000000e+03 4.509920000000000040e-01
3.520000000000000000e+03 4.944529999999999759e-01
3.540000000000000000e+03 5.338509999999999645e-01
3.560000000000000000e+03 5.621779999999999555e-01
3.580000000000000000e+03 5.833169999999999744e-01
3.600000000000000000e+03 6.024709999999999788e-01
3.620000000000000000e+03 6.196669999999999678e-01
3.640000000000000000e+03 6.319930000000000270e-01
3.660000000000000000e+03 6.386460000000000470e-01
3.680000000000000000e+03 6.343820000000000014e-01
3.700000000000000000e+03 6.210750000000000437e-01
3.720000000000000000e+03 6.057810000000000139e-01
3.740000000000000000e+03 5.981260000000000465e-01
3.760000000000000000e+03 6.079870000000000552e-01
3.780000000000000000e+03 6.400439999999999463e-01
3.800000000000000000e+03 6.900279999999999747e-01
3.820000000000000000e+03 7.522450000000000525e-01
3.840000000000000000e+03 8.118940000000000046e-01
3.860000000000000000e+03 8.567979999999999485e-01
3.880000000000000000e+03 8.821719999999999562e-01
3.900000000000000000e+03 8.919639999999999791e-01
3.920000000000000000e+03 8.990350000000000286e-01
3.940000000000000000e+03 9.131989999999999830e-01
3.960000000000000000e+03 9.391869999999999941e-01
3.980000000000000000e+03 9.713779999999999637e-01
4.000000000000000000e+03 9.936920000000000197e-01
4.020000000000000000e+03 1.000000000000000000e+00
4.040000000000000000e+03 9.835599999999999898e-01
4.060000000000000000e+03 9.360289999999999999e-01
4.080000000000000000e+03 8.498400000000000398e-01
4.100000000000000000e+03 7.271269999999999678e-01
4.120000000000000000e+03 5.777750000000000385e-01
4.140000000000000000e+03 4.230780000000000096e-01
4.160000000000000000e+03 2.846779999999999866e-01
4.180000000000000000e+03 1.775220000000000131e-01
4.200000000000000000e+03 1.052649999999999975e-01
4.220000000000000000e+03 6.136140000000000344e-02
4.240000000000000000e+03 3.661190000000000278e-02
4.260000000000000000e+03 2.288240000000000066e-02
4.280000000000000000e+03 1.496680000000000059e-02
4.300000000000000000e+03 1.027789999999999954e-02
4.320000000000000000e+03 7.400529999999999782e-03
4.340000000000000000e+03 5.491789999999999866e-03
4.360000000000000000e+03 4.319759999999999746e-03
4.380000000000000000e+03 3.515550000000000098e-03
4.400000000000000000e+03 2.925769999999999847e-03
4.420000000000000000e+03 2.524540000000000031e-03
4.440000000000000000e+03 2.200730000000000134e-03
4.460000000000000000e+03 1.937359999999999950e-03
4.480000000000000000e+03 1.668830000000000053e-03
4.500000000000000000e+03 1.429120000000000086e-03
4.520000000000000000e+03 1.184099999999999996e-03
4.540000000000000000e+03 9.499550000000000485e-04
4.560000000000000000e+03 7.633790000000000107e-04
4.580000000000000000e+03 6.099550000000000241e-04
4.600000000000000000e+03 5.426619999999999621e-04
4.620000000000000000e+03 4.745439999999999750e-04
4.640000000000000000e+03 4.587559999999999967e-04
4.660000000000000000e+03 4.605310000000000263e-04
4.680000000000000000e+03 4.623070000000000174e-04
4.700000000000000000e+03 4.641350000000000141e-04
4.720000000000000000e+03 4.836460000000000108e-04
4.740000000000000000e+03 5.212619999999999840e-04
4.760000000000000000e+03 5.591230000000000202e-04
4.780000000000000000e+03 6.153239999999999925e-04
4.800000000000000000e+03 6.719109999999999710e-04
4.820000000000000000e+03 7.287520000000000456e-04
4.840000000000000000e+03 8.407959999999999913e-04
4.860000000000000000e+03 1.008580000000000023e-03
4.880000000000000000e+03 1.287799999999999969e-03
4.900000000000000000e+03 1.808780000000000067e-03
4.920000000000000000e+03 2.628140000000000163e-03
4.940000000000000000e+03 4.027300000000000151e-03
4.960000000000000000e+03 6.048369999999999962e-03
4.980000000000000000e+03 8.864330000000000126e-03
5.000000000000000000e+03 1.220090000000000063e-02
5.020000000000000000e+03 1.561979999999999966e-02
5.040000000000000000e+03 1.854019999999999974e-02
5.060000000000000000e+03 2.024760000000000101e-02
5.080000000000000000e+03 2.028320000000000123e-02
5.100000000000000000e+03 1.873299999999999965e-02
5.120000000000000000e+03 1.604159999999999961e-02
5.140000000000000000e+03 1.282920000000000067e-02
5.160000000000000000e+03 9.700399999999999648e-03
5.180000000000000000e+03 6.998009999999999821e-03
5.200000000000000000e+03 4.857619999999999993e-03
5.220000000000000000e+03 3.339480000000000139e-03
5.240000000000000000e+03 2.389520000000000012e-03
5.260000000000000000e+03 1.876630000000000008e-03
5.280000000000000000e+03 1.724300000000000008e-03
5.300000000000000000e+03 1.761949999999999975e-03
5.320000000000000000e+03 1.951229999999999978e-03
5.340000000000000000e+03 2.159129999999999990e-03
5.360000000000000000e+03 2.309299999999999808e-03
5.380000000000000000e+03 2.363790000000000162e-03
5.400000000000000000e+03 2.303879999999999904e-03
5.420000000000000000e+03 2.167230000000000024e-03
5.440000000000000000e+03 2.087910000000000113e-03
5.460000000000000000e+03 2.046769999999999839e-03
5.480000000000000000e+03 2.157080000000000022e-03
5.500000000000000000e+03 2.512630000000000072e-03
5.520000000000000000e+03 3.017970000000000028e-03
5.540000000000000000e+03 3.653560000000000141e-03
5.560000000000000000e+03 0.000000000000000000e+00
5.580000000000000000e+03 0.000000000000000000e+00
