6.470000000000000000e+03 0.000000000000000000e+00
6.495000000000000000e+03 0.000000000000000000e+00
6.520000000000000000e+03 2.829460000000000113e-04
6.545000000000000000e+03 2.820139999999999735e-04
6.570000000000000000e+03 2.807719999999999877e-04
6.595000000000000000e+03 2.806490000000000026e-04
6.620000000000000000e+03 2.950520000000000204e-04
6.645000000000000000e+03 3.089300000000000119e-04
6.670000000000000000e+03 3.346700000000000196e-04
6.695000000000000000e+03 3.345140000000000027e-04
6.720000000000000000e+03 3.483760000000000133e-04
6.745000000000000000e+03 3.498010000000000073e-04
6.770000000000000000e+03 3.481599999999999734e-04
6.795000000000000000e+03 3.465189999999999937e-04
6.820000000000000000e+03 3.437839999999999733e-04
6.845000000000000000e+03 3.456439999999999860e-04
6.870000000000000000e+03 3.691920000000000119e-04
6.895000000000000000e+03 4.013980000000000217e-04
6.920000000000000000e+03 4.175820000000000009e-04
6.945000000000000000e+03 4.284679999999999912e-04
6.970000000000000000e+03 4.463979999999999771e-04
6.995000000000000000e+03 4.478530000000000098e-04
7.020000000000000000e+03 4.463129999999999940e-04
7.045000000000000000e+03 4.560330000000000026e-04
7.070000000000000000e+03 4.892400000000000524e-04
7.095000000000000000e+03 5.242260000000000322e-04
7.120000000000000000e+03 5.649420000000000266e-04
7.145000000000000000e+03 5.861339999999999823e-04
7.170000000000000000e+03 5.832689999999999750e-04
7.195000000000000000e+03 5.764960000000000180e-04
7.220000000000000000e+03 6.012049999999999469e-04
7.245000000000000000e+03 6.343339999999999613e-04
7.270000000000000000e+03 6.619409999999999834e-04
7.295000000000000000e+03 6.898510000000000059e-04
7.320000000000000000e+03 7.307970000000000438e-04
7.345000000000000000e+03 7.661449999999999771e-04
7.370000000000000000e+03 7.951370000000000139e-04
7.395000000000000000e+03 8.572140000000000228e-04
7.420000000000000000e+03 8.979119999999999506e-04
7.445000000000000000e+03 9.435819999999999928e-04
7.470000000000000000e+03 9.789600000000000732e-04
7.495000000000000000e+03 1.002749999999999952e-03
7.520000000000000000e+03 1.046870000000000092e-03
7.545000000000000000e+03 1.110160000000000010e-03
7.570000000000000000e+03 1.168690000000000007e-03
7.595000000000000000e+03 9.433659999999999528e-04
7.620000000000000000e+03 9.444590000000000320e-04
7.645000000000000000e+03 1.081259999999999903e-03
7.670000000000000000e+03 1.472290000000000014e-03
7.695000000000000000e+03 1.701819999999999939e-03
7.720000000000000000e+03 1.860990000000000083e-03
7.745000000000000000e+03 2.006539999999999799e-03
7.770000000000000000e+03 2.219609999999999899e-03
7.795000000000000000e+03 2.491419999999999833e-03
7.820000000000000000e+03 2.841020000000000090e-03
7.845000000000000000e+03 3.299980000000000101e-03
7.870000000000000000e+03 3.871669999999999799e-03
7.895000000000000000e+03 4.618650000000000186e-03
7.920000000000000000e+03 5.605749999999999622e-03
7.945000000000000000e+03 6.933960000000000297e-03
7.970000000000000000e+03 8.754649999999999238e-03
7.995000000000000000e+03 1.128340000000000072e-02
8.020000000000000000e+03 1.485840000000000077e-02
8.045000000000000000e+03 2.008369999999999947e-02
8.070000000000000000e+03 2.786670000000000119e-02
8.095000000000000000e+03 3.980009999999999798e-02
8.120000000000000000e+03 5.714700000000000335e-02
8.145000000000000000e+03 8.403040000000000509e-02
8.170000000000000000e+03 1.270449999999999913e-01
8.195000000000000000e+03 1.918940000000000090e-01
8.220000000000000000e+03 2.844459999999999766e-01
8.245000000000000000e+03 4.060819999999999985e-01
8.270000000000000000e+03 5.549870000000000081e-01
8.295000000000000000e+03 7.076820000000000332e-01
8.320000000000000000e+03 8.409830000000000361e-01
8.345000000000000000e+03 9.387290000000000356e-01
8.370000000000000000e+03 9.846289999999999765e-01
8.395000000000000000e+03 1.000000000000000000e+00
8.420000000000000000e+03 9.892619999999999747e-01
8.445000000000000000e+03 9.708459999999999868e-01
8.470000000000000000e+03 9.521910000000000096e-01
8.495000000000000000e+03 9.469389999999999752e-01
8.520000000000000000e+03 9.393599999999999728e-01
8.545000000000000000e+03 9.327189999999999648e-01
8.570000000000000000e+03 9.215130000000000265e-01
8.595000000000000000e+03 9.065729999999999622e-01
8.620000000000000000e+03 8.955600000000000227e-01
8.645000000000000000e+03 8.787650000000000183e-01
8.670000000000000000e+03 8.604690000000000394e-01
8.695000000000000000e+03 8.401579999999999604e-01
8.720000000000000000e+03 8.212390000000000523e-01
8.745000000000000000e+03 8.022040000000000282e-01
8.770000000000000000e+03 7.828559999999999963e-01
8.795000000000000000e+03 7.636950000000000127e-01
8.820000000000000000e+03 7.476589999999999625e-01
8.845000000000000000e+03 7.350689999999999724e-01
8.870000000000000000e+03 7.198999999999999844e-01
8.895000000000000000e+03 7.037670000000000314e-01
8.920000000000000000e+03 6.869229999999999503e-01
8.945000000000000000e+03 6.658950000000000147e-01
8.970000000000000000e+03 6.249299999999999855e-01
8.995000000000000000e+03 5.780680000000000263e-01
9.020000000000000000e+03 5.736499999999999932e-01
9.045000000000000000e+03 5.900889999999999747e-01
9.070000000000000000e+03 5.716240000000000210e-01
9.095000000000000000e+03 5.423130000000000450e-01
9.120000000000000000e+03 5.326469999999999816e-01
9.145000000000000000e+03 5.117439999999999767e-01
9.170000000000000000e+03 5.044629999999999947e-01
9.195000000000000000e+03 5.043180000000000440e-01
9.220000000000000000e+03 5.032330000000000414e-01
9.245000000000000000e+03 4.890740000000000087e-01
9.270000000000000000e+03 4.733850000000000002e-01
9.295000000000000000e+03 4.306099999999999928e-01
9.320000000000000000e+03 3.548350000000000115e-01
9.345000000000000000e+03 2.893270000000000008e-01
9.370000000000000000e+03 2.698439999999999728e-01
9.395000000000000000e+03 3.142639999999999878e-01
9.420000000000000000e+03 3.275199999999999778e-01
9.445000000000000000e+03 2.890119999999999911e-01
9.470000000000000000e+03 2.883439999999999892e-01
9.495000000000000000e+03 2.909610000000000252e-01
9.520000000000000000e+03 2.923780000000000268e-01
9.545000000000000000e+03 2.793019999999999947e-01
9.570000000000000000e+03 2.744369999999999865e-01
9.595000000000000000e+03 2.656689999999999885e-01
9.620000000000000000e+03 2.804490000000000038e-01
9.645000000000000000e+03 2.776839999999999864e-01
9.670000000000000000e+03 2.743070000000000230e-01
9.695000000000000000e+03 2.808189999999999853e-01
9.720000000000000000e+03 2.734590000000000076e-01
9.745000000000000000e+03 2.540769999999999973e-01
9.770000000000000000e+03 2.430670000000000053e-01
9.795000000000000000e+03 2.338639999999999886e-01
9.820000000000000000e+03 2.276370000000000060e-01
9.845000000000000000e+03 2.169300000000000117e-01
9.870000000000000000e+03 2.065220000000000111e-01
9.895000000000000000e+03 1.943870000000000042e-01
9.920000000000000000e+03 1.808970000000000022e-01
9.945000000000000000e+03 1.669899999999999995e-01
9.970000000000000000e+03 1.532689999999999886e-01
9.995000000000000000e+03 1.394960000000000089e-01
1.002000000000000000e+04 1.258090000000000042e-01
1.004500000000000000e+04 1.122559999999999947e-01
1.007000000000000000e+04 9.841489999999999960e-02
1.009500000000000000e+04 8.383010000000000461e-02
1.012000000000000000e+04 6.962799999999999545e-02
1.014500000000000000e+04 5.533239999999999686e-02
1.017000000000000000e+04 4.103570000000000134e-02
1.019500000000000000e+04 3.031870000000000051e-02
1.022000000000000000e+04 0.000000000000000000e+00
1.024500000000000000e+04 0.000000000000000000e+00
