3.565000000000000000e+03 0.000000000000000000e+00
3.575000000000000000e+03 0.000000000000000000e+00
3.585000000000000000e+03 3.562819999999999963e-03
3.595000000000000000e+03 5.714030000000000151e-03
3.605000000000000000e+03 1.014430000000000019e-02
3.615000000000000000e+03 1.554099999999999926e-02
3.625000000000000000e+03 2.130970000000000086e-02
3.635000000000000000e+03 2.978950000000000001e-02
3.645000000000000000e+03 4.357020000000000337e-02
3.655000000000000000e+03 5.891770000000000340e-02
3.665000000000000000e+03 6.940739999999999410e-02
3.675000000000000000e+03 7.908120000000000427e-02
3.685000000000000000e+03 9.549090000000000356e-02
3.695000000000000000e+03 1.168669999999999987e-01
3.705000000000000000e+03 1.350200000000000011e-01
3.715000000000000000e+03 1.501450000000000007e-01
3.725000000000000000e+03 1.663880000000000081e-01
3.735000000000000000e+03 1.922850000000000115e-01
3.745000000000000000e+03 2.246779999999999888e-01
3.755000000000000000e+03 2.516369999999999996e-01
3.765000000000000000e+03 2.714380000000000126e-01
3.775000000000000000e+03 2.896219999999999906e-01
3.785000000000000000e+03 3.117210000000000258e-01
3.795000000000000000e+03 3.341620000000000146e-01
3.805000000000000000e+03 3.469450000000000034e-01
3.815000000000000000e+03 3.658290000000000153e-01
3.825000000000000000e+03 3.907079999999999997e-01
3.835000000000000000e+03 4.152390000000000247e-01
3.845000000000000000e+03 4.410529999999999728e-01
3.855000000000000000e+03 4.617649999999999810e-01
3.865000000000000000e+03 4.809649999999999759e-01
3.875000000000000000e+03 4.979580000000000117e-01
3.885000000000000000e+03 5.136140000000000150e-01
3.895000000000000000e+03 5.338589999999999725e-01
3.905000000000000000e+03 5.553799999999999848e-01
3.915000000000000000e+03 5.782789999999999875e-01
3.925000000000000000e+03 6.067460000000000075e-01
3.935000000000000000e+03 6.288489999999999913e-01
3.945000000000000000e+03 6.474779999999999980e-01
3.955000000000000000e+03 6.638239999999999696e-01
3.965000000000000000e+03 6.755020000000000469e-01
3.975000000000000000e+03 6.848999999999999533e-01
3.985000000000000000e+03 6.948480000000000212e-01
3.995000000000000000e+03 7.053169999999999717e-01
4.005000000000000000e+03 7.111450000000000271e-01
4.015000000000000000e+03 7.245989999999999931e-01
4.025000000000000000e+03 7.385930000000000550e-01
4.035000000000000000e+03 7.531280000000000197e-01
4.045000000000000000e+03 7.637580000000000480e-01
4.055000000000000000e+03 7.752339999999999787e-01
4.065000000000000000e+03 7.900009999999999533e-01
4.075000000000000000e+03 7.968100000000000183e-01
4.085000000000000000e+03 7.937549999999999883e-01
4.095000000000000000e+03 7.965090000000000225e-01
4.105000000000000000e+03 7.995590000000000197e-01
4.115000000000000000e+03 7.973759999999999737e-01
4.125000000000000000e+03 8.027370000000000339e-01
4.135000000000000000e+03 8.158210000000000184e-01
4.145000000000000000e+03 8.270229999999999526e-01
4.155000000000000000e+03 8.304289999999999727e-01
4.165000000000000000e+03 8.333570000000000144e-01
4.175000000000000000e+03 8.403800000000000159e-01
4.185000000000000000e+03 8.476329999999999698e-01
4.195000000000000000e+03 8.516479999999999606e-01
4.205000000000000000e+03 8.580740000000000034e-01
4.215000000000000000e+03 8.750599999999999490e-01
4.225000000000000000e+03 8.854070000000000551e-01
4.235000000000000000e+03 8.994609999999999550e-01
4.245000000000000000e+03 9.054130000000000233e-01
4.255000000000000000e+03 9.070510000000000517e-01
4.265000000000000000e+03 9.066779999999999839e-01
4.275000000000000000e+03 9.035220000000000473e-01
4.285000000000000000e+03 9.062970000000000192e-01
4.295000000000000000e+03 8.935969999999999747e-01
4.305000000000000000e+03 8.789599999999999635e-01
4.315000000000000000e+03 8.818470000000000475e-01
4.325000000000000000e+03 8.986659999999999648e-01
4.335000000000000000e+03 9.077499999999999458e-01
4.345000000000000000e+03 9.073109999999999786e-01
4.355000000000000000e+03 9.147189999999999488e-01
4.365000000000000000e+03 9.305550000000000210e-01
4.375000000000000000e+03 9.372930000000000428e-01
4.385000000000000000e+03 9.389370000000000216e-01
4.395000000000000000e+03 9.443240000000000522e-01
4.405000000000000000e+03 9.570539999999999603e-01
4.415000000000000000e+03 9.603049999999999642e-01
4.425000000000000000e+03 9.479319999999999968e-01
4.435000000000000000e+03 9.376299999999999635e-01
4.445000000000000000e+03 9.314959999999999907e-01
4.455000000000000000e+03 9.295539999999999914e-01
4.465000000000000000e+03 9.335170000000000412e-01
4.475000000000000000e+03 9.366700000000000026e-01
4.485000000000000000e+03 9.422549999999999537e-01
4.495000000000000000e+03 9.468180000000000485e-01
4.505000000000000000e+03 9.417879999999999585e-01
4.515000000000000000e+03 9.359110000000000484e-01
4.525000000000000000e+03 9.333120000000000305e-01
4.535000000000000000e+03 9.445369999999999600e-01
4.545000000000000000e+03 9.745850000000000346e-01
4.555000000000000000e+03 9.870349999999999957e-01
4.565000000000000000e+03 1.000000000000000000e+00
4.575000000000000000e+03 9.520969999999999711e-01
4.585000000000000000e+03 9.491100000000000092e-01
4.595000000000000000e+03 9.712830000000000075e-01
4.605000000000000000e+03 9.548429999999999973e-01
4.615000000000000000e+03 9.599729999999999652e-01
4.625000000000000000e+03 9.588240000000000096e-01
4.635000000000000000e+03 9.508339999999999570e-01
4.645000000000000000e+03 9.495419999999999972e-01
4.655000000000000000e+03 9.392359999999999598e-01
4.665000000000000000e+03 9.300119999999999498e-01
4.675000000000000000e+03 9.285349999999999993e-01
4.685000000000000000e+03 9.234080000000000066e-01
4.695000000000000000e+03 9.327370000000000383e-01
4.705000000000000000e+03 9.113489999999999647e-01
4.715000000000000000e+03 9.123189999999999911e-01
4.725000000000000000e+03 9.164719999999999533e-01
4.735000000000000000e+03 9.159180000000000099e-01
4.745000000000000000e+03 9.247790000000000177e-01
4.755000000000000000e+03 9.349990000000000245e-01
4.765000000000000000e+03 9.171550000000000535e-01
4.775000000000000000e+03 8.656340000000000146e-01
4.785000000000000000e+03 7.316500000000000226e-01
4.795000000000000000e+03 5.401200000000000445e-01
4.805000000000000000e+03 3.581679999999999864e-01
4.815000000000000000e+03 1.902570000000000094e-01
4.825000000000000000e+03 9.446549999999999392e-02
4.835000000000000000e+03 4.624690000000000051e-02
4.845000000000000000e+03 2.377730000000000121e-02
4.855000000000000000e+03 1.275390000000000031e-02
4.865000000000000000e+03 8.600319999999999840e-03
4.875000000000000000e+03 0.000000000000000000e+00
4.885000000000000000e+03 0.000000000000000000e+00
