3.825000000000000000e+03 0.000000000000000000e+00
3.840000000000000000e+03 0.000000000000000000e+00
3.855000000000000000e+03 1.011620000000000054e-02
3.870000000000000000e+03 1.930010000000000059e-02
3.885000000000000000e+03 4.012269999999999726e-02
3.900000000000000000e+03 7.258270000000000000e-02
3.915000000000000000e+03 1.115180000000000060e-01
3.930000000000000000e+03 1.531740000000000046e-01
3.945000000000000000e+03 1.964859999999999940e-01
3.960000000000000000e+03 2.430319999999999980e-01
3.975000000000000000e+03 2.938990000000000213e-01
3.990000000000000000e+03 3.459800000000000098e-01
4.005000000000000000e+03 3.926769999999999983e-01
4.020000000000000000e+03 4.328500000000000125e-01
4.035000000000000000e+03 4.764800000000000146e-01
4.050000000000000000e+03 5.285480000000000178e-01
4.065000000000000000e+03 5.824510000000000520e-01
4.080000000000000000e+03 6.232060000000000377e-01
4.095000000000000000e+03 6.470890000000000253e-01
4.110000000000000000e+03 6.705060000000000464e-01
4.125000000000000000e+03 6.994669999999999499e-01
4.140000000000000000e+03 7.315960000000000241e-01
4.155000000000000000e+03 7.515870000000000051e-01
4.170000000000000000e+03 7.559630000000000516e-01
4.185000000000000000e+03 7.581719999999999571e-01
4.200000000000000000e+03 7.700350000000000250e-01
4.215000000000000000e+03 7.917530000000000401e-01
4.230000000000000000e+03 8.164510000000000378e-01
4.245000000000000000e+03 8.420769999999999644e-01
4.260000000000000000e+03 8.632739999999999858e-01
4.275000000000000000e+03 8.776439999999999797e-01
4.290000000000000000e+03 8.904459999999999598e-01
4.305000000000000000e+03 9.003670000000000284e-01
4.320000000000000000e+03 9.085339999999999527e-01
4.335000000000000000e+03 9.139599999999999946e-01
4.350000000000000000e+03 9.192280000000000451e-01
4.365000000000000000e+03 9.270150000000000334e-01
4.380000000000000000e+03 9.330039999999999445e-01
4.395000000000000000e+03 9.335080000000000044e-01
4.410000000000000000e+03 9.281190000000000273e-01
4.425000000000000000e+03 9.261519999999999753e-01
4.440000000000000000e+03 9.276720000000000521e-01
4.455000000000000000e+03 9.343650000000000011e-01
4.470000000000000000e+03 9.441089999999999760e-01
4.485000000000000000e+03 9.539330000000000309e-01
4.500000000000000000e+03 9.621229999999999505e-01
4.515000000000000000e+03 9.659619999999999873e-01
4.530000000000000000e+03 9.665789999999999660e-01
4.545000000000000000e+03 9.630999999999999561e-01
4.560000000000000000e+03 9.552580000000000515e-01
4.575000000000000000e+03 9.472639999999999949e-01
4.590000000000000000e+03 9.426769999999999872e-01
4.605000000000000000e+03 9.453500000000000236e-01
4.620000000000000000e+03 9.508560000000000345e-01
4.635000000000000000e+03 9.631899999999999906e-01
4.650000000000000000e+03 9.717189999999999994e-01
4.665000000000000000e+03 9.804110000000000325e-01
4.680000000000000000e+03 9.847019999999999662e-01
4.695000000000000000e+03 9.795340000000000158e-01
4.710000000000000000e+03 9.781720000000000415e-01
4.725000000000000000e+03 9.775160000000000515e-01
4.740000000000000000e+03 9.729940000000000255e-01
4.755000000000000000e+03 9.755059999999999842e-01
4.770000000000000000e+03 9.812769999999999548e-01
4.785000000000000000e+03 9.883889999999999620e-01
4.800000000000000000e+03 9.884349999999999525e-01
4.815000000000000000e+03 9.884540000000000548e-01
4.830000000000000000e+03 9.833180000000000254e-01
4.845000000000000000e+03 9.792530000000000401e-01
4.860000000000000000e+03 9.769999999999999796e-01
4.875000000000000000e+03 9.727999999999999980e-01
4.890000000000000000e+03 9.735399999999999610e-01
4.905000000000000000e+03 9.801849999999999730e-01
4.920000000000000000e+03 9.906530000000000058e-01
4.935000000000000000e+03 9.919630000000000392e-01
4.950000000000000000e+03 9.965349999999999486e-01
4.965000000000000000e+03 9.980909999999999505e-01
4.980000000000000000e+03 9.981330000000000480e-01
4.995000000000000000e+03 1.000000000000000000e+00
5.010000000000000000e+03 9.953330000000000233e-01
5.025000000000000000e+03 9.907930000000000348e-01
5.040000000000000000e+03 9.829459999999999864e-01
5.055000000000000000e+03 9.749430000000000041e-01
5.070000000000000000e+03 9.756299999999999972e-01
5.085000000000000000e+03 9.783920000000000394e-01
5.100000000000000000e+03 9.793579999999999508e-01
5.115000000000000000e+03 9.867669999999999497e-01
5.130000000000000000e+03 9.882090000000000041e-01
5.145000000000000000e+03 9.888869999999999605e-01
5.160000000000000000e+03 9.855380000000000251e-01
5.175000000000000000e+03 9.784829999999999917e-01
5.190000000000000000e+03 9.668930000000000025e-01
5.205000000000000000e+03 9.595280000000000475e-01
5.220000000000000000e+03 9.561600000000000099e-01
5.235000000000000000e+03 9.531049999999999800e-01
5.250000000000000000e+03 9.536120000000000152e-01
5.265000000000000000e+03 9.535930000000000240e-01
5.280000000000000000e+03 9.448940000000000117e-01
5.295000000000000000e+03 9.352810000000000290e-01
5.310000000000000000e+03 9.183390000000000164e-01
5.325000000000000000e+03 8.935999999999999499e-01
5.340000000000000000e+03 8.729900000000000437e-01
5.355000000000000000e+03 8.619280000000000275e-01
5.370000000000000000e+03 8.600229999999999819e-01
5.385000000000000000e+03 8.789409999999999723e-01
5.400000000000000000e+03 9.119099999999999984e-01
5.415000000000000000e+03 9.320089999999999764e-01
5.430000000000000000e+03 9.231399999999999606e-01
5.445000000000000000e+03 8.781729999999999814e-01
5.460000000000000000e+03 7.669759999999999911e-01
5.475000000000000000e+03 5.762840000000000185e-01
5.490000000000000000e+03 3.497970000000000246e-01
5.505000000000000000e+03 1.720710000000000017e-01
5.520000000000000000e+03 7.642069999999999419e-02
5.535000000000000000e+03 3.383989999999999915e-02
5.550000000000000000e+03 1.615199999999999969e-02
5.565000000000000000e+03 8.518509999999999971e-03
5.580000000000000000e+03 6.112440000000000234e-03
5.595000000000000000e+03 5.310549999999999819e-03
5.610000000000000000e+03 0.000000000000000000e+00
5.625000000000000000e+03 0.000000000000000000e+00
