4.515000000000000000e+03 0.000000000000000000e+00
4.530000000000000000e+03 0.000000000000000000e+00
4.545000000000000000e+03 3.039379999999999946e-03
4.560000000000000000e+03 4.315829999999999667e-03
4.575000000000000000e+03 8.915700000000000361e-03
4.590000000000000000e+03 1.444969999999999935e-02
4.605000000000000000e+03 2.217349999999999877e-02
4.620000000000000000e+03 3.379820000000000046e-02
4.635000000000000000e+03 5.055810000000000165e-02
4.650000000000000000e+03 7.426169999999999993e-02
4.665000000000000000e+03 1.059449999999999975e-01
4.680000000000000000e+03 1.448099999999999943e-01
4.695000000000000000e+03 1.961299999999999988e-01
4.710000000000000000e+03 2.526630000000000265e-01
4.725000000000000000e+03 3.074620000000000131e-01
4.740000000000000000e+03 3.620880000000000210e-01
4.755000000000000000e+03 4.201880000000000059e-01
4.770000000000000000e+03 4.771630000000000038e-01
4.785000000000000000e+03 5.381369999999999765e-01
4.800000000000000000e+03 5.984709999999999752e-01
4.815000000000000000e+03 6.520960000000000090e-01
4.830000000000000000e+03 7.042469999999999564e-01
4.845000000000000000e+03 7.479149999999999965e-01
4.860000000000000000e+03 7.861430000000000362e-01
4.875000000000000000e+03 8.104109999999999925e-01
4.890000000000000000e+03 8.328940000000000232e-01
4.905000000000000000e+03 8.488339999999999774e-01
4.920000000000000000e+03 8.629820000000000269e-01
4.935000000000000000e+03 8.744039999999999591e-01
4.950000000000000000e+03 8.787439999999999696e-01
4.965000000000000000e+03 9.026560000000000139e-01
4.980000000000000000e+03 9.257849999999999691e-01
4.995000000000000000e+03 9.383850000000000247e-01
5.010000000000000000e+03 9.566489999999999716e-01
5.025000000000000000e+03 9.656979999999999453e-01
5.040000000000000000e+03 9.730379999999999585e-01
5.055000000000000000e+03 9.758550000000000280e-01
5.070000000000000000e+03 9.708080000000000043e-01
5.085000000000000000e+03 9.656949999999999701e-01
5.100000000000000000e+03 9.553080000000000460e-01
5.115000000000000000e+03 9.503580000000000361e-01
5.130000000000000000e+03 9.486580000000000013e-01
5.145000000000000000e+03 9.449579999999999647e-01
5.160000000000000000e+03 9.460380000000000456e-01
5.175000000000000000e+03 9.565919999999999979e-01
5.190000000000000000e+03 9.617489999999999650e-01
5.205000000000000000e+03 9.691560000000000175e-01
5.220000000000000000e+03 9.764930000000000554e-01
5.235000000000000000e+03 9.820069999999999633e-01
5.250000000000000000e+03 9.807099999999999707e-01
5.265000000000000000e+03 9.801389999999999825e-01
5.280000000000000000e+03 9.757519999999999527e-01
5.295000000000000000e+03 9.653720000000000079e-01
5.310000000000000000e+03 9.579649999999999554e-01
5.325000000000000000e+03 9.511749999999999927e-01
5.340000000000000000e+03 9.483270000000000310e-01
5.355000000000000000e+03 9.439830000000000165e-01
5.370000000000000000e+03 9.453610000000000069e-01
5.385000000000000000e+03 9.551260000000000305e-01
5.400000000000000000e+03 9.610769999999999591e-01
5.415000000000000000e+03 9.665890000000000315e-01
5.430000000000000000e+03 9.778679999999999595e-01
5.445000000000000000e+03 9.862769999999999593e-01
5.460000000000000000e+03 9.869499999999999940e-01
5.475000000000000000e+03 9.939050000000000384e-01
5.490000000000000000e+03 9.972210000000000241e-01
5.505000000000000000e+03 1.000000000000000000e+00
5.520000000000000000e+03 9.905620000000000536e-01
5.535000000000000000e+03 9.835460000000000313e-01
5.550000000000000000e+03 9.741670000000000051e-01
5.565000000000000000e+03 9.662600000000000078e-01
5.580000000000000000e+03 9.576949999999999630e-01
5.595000000000000000e+03 9.458090000000000108e-01
5.610000000000000000e+03 9.305510000000000170e-01
5.625000000000000000e+03 9.212869999999999671e-01
5.640000000000000000e+03 9.204769999999999897e-01
5.655000000000000000e+03 9.027279999999999749e-01
5.670000000000000000e+03 8.949380000000000113e-01
5.685000000000000000e+03 8.835560000000000080e-01
5.700000000000000000e+03 8.684680000000000177e-01
5.715000000000000000e+03 8.598780000000000312e-01
5.730000000000000000e+03 8.369550000000000045e-01
5.745000000000000000e+03 8.268189999999999706e-01
5.760000000000000000e+03 8.099450000000000260e-01
5.775000000000000000e+03 7.945100000000000495e-01
5.790000000000000000e+03 7.820810000000000262e-01
5.805000000000000000e+03 7.675469999999999793e-01
5.820000000000000000e+03 7.496119999999999450e-01
5.835000000000000000e+03 7.282030000000000447e-01
5.850000000000000000e+03 7.086200000000000276e-01
5.865000000000000000e+03 6.889009999999999856e-01
5.880000000000000000e+03 6.670749999999999735e-01
5.895000000000000000e+03 6.416920000000000401e-01
5.910000000000000000e+03 6.163760000000000350e-01
5.925000000000000000e+03 5.933009999999999673e-01
5.940000000000000000e+03 5.771880000000000344e-01
5.955000000000000000e+03 5.585430000000000117e-01
5.970000000000000000e+03 5.438290000000000068e-01
5.985000000000000000e+03 5.372839999999999838e-01
6.000000000000000000e+03 5.287870000000000070e-01
6.015000000000000000e+03 5.054549999999999876e-01
6.030000000000000000e+03 4.626319999999999877e-01
6.045000000000000000e+03 4.013280000000000181e-01
6.060000000000000000e+03 3.150760000000000227e-01
6.075000000000000000e+03 2.256319999999999992e-01
6.090000000000000000e+03 1.511480000000000046e-01
6.105000000000000000e+03 9.782140000000000279e-02
6.120000000000000000e+03 6.329079999999999429e-02
6.135000000000000000e+03 4.093279999999999835e-02
6.150000000000000000e+03 2.661250000000000074e-02
6.165000000000000000e+03 1.767379999999999993e-02
6.180000000000000000e+03 1.241169999999999947e-02
6.195000000000000000e+03 1.065480000000000073e-02
6.210000000000000000e+03 8.684910000000000546e-03
6.225000000000000000e+03 6.337330000000000393e-03
6.240000000000000000e+03 4.573370000000000213e-03
6.255000000000000000e+03 0.000000000000000000e+00
6.270000000000000000e+03 0.000000000000000000e+00
