4.600000000000000000e+03 0.000000000000000000e+00
4.615000000000000000e+03 0.000000000000000000e+00
4.630000000000000000e+03 1.498479999999999951e-02
4.645000000000000000e+03 2.745380000000000043e-02
4.660000000000000000e+03 8.276469999999999660e-02
4.675000000000000000e+03 1.085909999999999931e-01
4.690000000000000000e+03 2.056499999999999995e-01
4.705000000000000000e+03 2.483309999999999962e-01
4.720000000000000000e+03 2.914729999999999821e-01
4.735000000000000000e+03 4.167950000000000266e-01
4.750000000000000000e+03 3.800080000000000124e-01
4.765000000000000000e+03 5.220789999999999598e-01
4.780000000000000000e+03 5.650290000000000035e-01
4.795000000000000000e+03 5.283569999999999656e-01
4.810000000000000000e+03 6.769389999999999574e-01
4.825000000000000000e+03 6.962800000000000100e-01
4.840000000000000000e+03 7.433619999999999672e-01
4.855000000000000000e+03 7.699160000000000448e-01
4.870000000000000000e+03 7.761609999999999898e-01
4.885000000000000000e+03 7.555539999999999479e-01
4.900000000000000000e+03 6.834200000000000275e-01
4.915000000000000000e+03 6.844580000000000108e-01
4.930000000000000000e+03 7.402689999999999548e-01
4.945000000000000000e+03 8.006400000000000183e-01
4.960000000000000000e+03 7.737220000000000208e-01
4.975000000000000000e+03 7.378860000000000419e-01
4.990000000000000000e+03 7.977090000000000014e-01
5.005000000000000000e+03 8.334409999999999874e-01
5.020000000000000000e+03 8.152470000000000550e-01
5.035000000000000000e+03 7.441959999999999686e-01
5.050000000000000000e+03 7.008240000000000025e-01
5.065000000000000000e+03 7.436970000000000525e-01
5.080000000000000000e+03 8.020779999999999577e-01
5.095000000000000000e+03 8.023369999999999669e-01
5.110000000000000000e+03 7.757720000000000171e-01
5.125000000000000000e+03 7.746490000000000320e-01
5.140000000000000000e+03 8.058480000000000087e-01
5.155000000000000000e+03 8.357769999999999921e-01
5.170000000000000000e+03 8.177389999999999937e-01
5.185000000000000000e+03 7.996280000000000054e-01
5.200000000000000000e+03 8.534129999999999772e-01
5.215000000000000000e+03 8.361119999999999663e-01
5.230000000000000000e+03 7.726380000000000470e-01
5.245000000000000000e+03 7.872839999999999838e-01
5.260000000000000000e+03 7.999990000000000157e-01
5.275000000000000000e+03 8.317280000000000229e-01
5.290000000000000000e+03 8.561229999999999674e-01
5.305000000000000000e+03 8.289819999999999967e-01
5.320000000000000000e+03 7.978499999999999481e-01
5.335000000000000000e+03 8.271079999999999544e-01
5.350000000000000000e+03 8.674779999999999713e-01
5.365000000000000000e+03 8.627690000000000081e-01
5.380000000000000000e+03 8.561539999999999706e-01
5.395000000000000000e+03 8.089100000000000179e-01
5.410000000000000000e+03 7.814419999999999700e-01
5.425000000000000000e+03 8.359480000000000244e-01
5.440000000000000000e+03 8.836110000000000353e-01
5.455000000000000000e+03 9.041489999999999805e-01
5.470000000000000000e+03 9.053189999999999849e-01
5.485000000000000000e+03 9.135750000000000259e-01
5.500000000000000000e+03 8.948589999999999600e-01
5.515000000000000000e+03 8.622269999999999657e-01
5.530000000000000000e+03 8.811710000000000376e-01
5.545000000000000000e+03 9.012050000000000338e-01
5.560000000000000000e+03 8.905710000000000015e-01
5.575000000000000000e+03 9.052090000000000414e-01
5.590000000000000000e+03 8.983640000000000514e-01
5.605000000000000000e+03 8.703750000000000098e-01
5.620000000000000000e+03 8.576240000000000530e-01
5.635000000000000000e+03 8.966880000000000406e-01
5.650000000000000000e+03 9.093290000000000539e-01
5.665000000000000000e+03 8.858110000000000150e-01
5.680000000000000000e+03 8.801339999999999719e-01
5.695000000000000000e+03 9.021040000000000170e-01
5.710000000000000000e+03 9.144590000000000218e-01
5.725000000000000000e+03 9.005750000000000144e-01
5.740000000000000000e+03 9.050219999999999931e-01
5.755000000000000000e+03 8.608160000000000256e-01
5.770000000000000000e+03 8.559200000000000141e-01
5.785000000000000000e+03 8.762410000000000476e-01
5.800000000000000000e+03 9.145379999999999621e-01
5.815000000000000000e+03 9.339720000000000244e-01
5.830000000000000000e+03 9.177260000000000417e-01
5.845000000000000000e+03 8.996629999999999905e-01
5.860000000000000000e+03 9.149340000000000250e-01
5.875000000000000000e+03 9.165250000000000341e-01
5.890000000000000000e+03 9.089760000000000062e-01
5.905000000000000000e+03 9.343360000000000554e-01
5.920000000000000000e+03 9.435989999999999656e-01
5.935000000000000000e+03 9.187389999999999723e-01
5.950000000000000000e+03 8.764800000000000368e-01
5.965000000000000000e+03 9.052160000000000206e-01
5.980000000000000000e+03 9.051740000000000341e-01
5.995000000000000000e+03 9.042609999999999815e-01
6.010000000000000000e+03 9.124870000000000481e-01
6.025000000000000000e+03 9.211780000000000523e-01
6.040000000000000000e+03 9.317959999999999576e-01
6.055000000000000000e+03 9.483829999999999760e-01
6.070000000000000000e+03 9.314109999999999889e-01
6.085000000000000000e+03 9.306210000000000315e-01
6.100000000000000000e+03 9.530220000000000358e-01
6.115000000000000000e+03 9.516860000000000319e-01
6.130000000000000000e+03 9.612260000000000248e-01
6.145000000000000000e+03 9.639400000000000190e-01
6.160000000000000000e+03 9.386130000000000306e-01
6.175000000000000000e+03 8.778280000000000527e-01
6.190000000000000000e+03 8.375529999999999919e-01
6.205000000000000000e+03 8.221100000000000074e-01
6.220000000000000000e+03 8.433969999999999523e-01
6.235000000000000000e+03 9.070420000000000149e-01
6.250000000000000000e+03 9.487419999999999742e-01
6.265000000000000000e+03 9.591169999999999973e-01
6.280000000000000000e+03 9.682629999999999848e-01
6.295000000000000000e+03 9.509760000000000435e-01
6.310000000000000000e+03 9.383019999999999694e-01
6.325000000000000000e+03 9.331580000000000430e-01
6.340000000000000000e+03 9.412629999999999608e-01
6.355000000000000000e+03 9.732439999999999980e-01
6.370000000000000000e+03 9.476670000000000371e-01
6.385000000000000000e+03 9.120209999999999706e-01
6.400000000000000000e+03 8.829709999999999503e-01
6.415000000000000000e+03 8.891379999999999839e-01
6.430000000000000000e+03 9.027690000000000436e-01
6.445000000000000000e+03 9.515540000000000109e-01
6.460000000000000000e+03 9.918400000000000549e-01
6.475000000000000000e+03 9.880210000000000381e-01
6.490000000000000000e+03 9.670969999999999844e-01
6.505000000000000000e+03 9.445010000000000350e-01
6.520000000000000000e+03 9.111449999999999827e-01
6.535000000000000000e+03 9.090709999999999624e-01
6.550000000000000000e+03 9.111869999999999692e-01
6.565000000000000000e+03 9.422749999999999737e-01
6.580000000000000000e+03 9.403230000000000199e-01
6.595000000000000000e+03 9.234759999999999636e-01
6.610000000000000000e+03 8.927340000000000275e-01
6.625000000000000000e+03 9.183000000000000052e-01
6.640000000000000000e+03 9.320979999999999821e-01
6.655000000000000000e+03 9.648149999999999782e-01
6.670000000000000000e+03 9.951780000000000070e-01
6.685000000000000000e+03 1.000000000000000000e+00
6.700000000000000000e+03 9.705890000000000351e-01
6.715000000000000000e+03 9.549469999999999903e-01
6.730000000000000000e+03 9.302479999999999638e-01
6.745000000000000000e+03 9.327959999999999585e-01
6.760000000000000000e+03 9.159549999999999637e-01
6.775000000000000000e+03 9.517569999999999641e-01
6.790000000000000000e+03 9.427389999999999937e-01
6.805000000000000000e+03 9.498149999999999649e-01
6.820000000000000000e+03 9.173630000000000395e-01
6.835000000000000000e+03 9.166520000000000223e-01
6.850000000000000000e+03 9.145739999999999981e-01
6.865000000000000000e+03 9.363329999999999709e-01
6.880000000000000000e+03 9.406290000000000484e-01
6.895000000000000000e+03 9.050820000000000531e-01
6.910000000000000000e+03 8.518620000000000081e-01
6.925000000000000000e+03 8.240060000000000162e-01
6.940000000000000000e+03 8.327510000000000190e-01
6.955000000000000000e+03 8.567350000000000243e-01
6.970000000000000000e+03 9.163890000000000091e-01
6.985000000000000000e+03 9.302599999999999758e-01
7.000000000000000000e+03 9.309969999999999635e-01
7.015000000000000000e+03 9.172489999999999810e-01
7.030000000000000000e+03 8.931459999999999955e-01
7.045000000000000000e+03 9.053259999999999641e-01
7.060000000000000000e+03 9.204740000000000144e-01
7.075000000000000000e+03 8.173449999999999882e-01
7.090000000000000000e+03 4.767199999999999771e-01
7.105000000000000000e+03 2.112169999999999881e-01
7.120000000000000000e+03 1.073859999999999953e-01
7.135000000000000000e+03 6.768710000000000004e-02
7.150000000000000000e+03 5.185209999999999819e-02
7.165000000000000000e+03 0.000000000000000000e+00
7.180000000000000000e+03 0.000000000000000000e+00
