6.535000000000000000e+03 0.000000000000000000e+00
6.560000000000000000e+03 0.000000000000000000e+00
6.585000000000000000e+03 2.975709999999999900e-03
6.610000000000000000e+03 3.588000000000000043e-03
6.635000000000000000e+03 4.403480000000000415e-03
6.660000000000000000e+03 5.219630000000000276e-03
6.685000000000000000e+03 6.037129999999999927e-03
6.710000000000000000e+03 6.856039999999999877e-03
6.735000000000000000e+03 7.675689999999999770e-03
6.760000000000000000e+03 8.491040000000000046e-03
6.785000000000000000e+03 9.304710000000000758e-03
6.810000000000000000e+03 1.327380000000000053e-02
6.835000000000000000e+03 2.676800000000000013e-02
6.860000000000000000e+03 5.097959999999999992e-02
6.885000000000000000e+03 9.411830000000000196e-02
6.910000000000000000e+03 1.556849999999999901e-01
6.935000000000000000e+03 2.355559999999999876e-01
6.960000000000000000e+03 3.370029999999999970e-01
6.985000000000000000e+03 4.423790000000000222e-01
7.010000000000000000e+03 5.552289999999999726e-01
7.035000000000000000e+03 6.512019999999999476e-01
7.060000000000000000e+03 7.299999999999999822e-01
7.085000000000000000e+03 7.989239999999999675e-01
7.110000000000000000e+03 8.541999999999999593e-01
7.135000000000000000e+03 8.919890000000000319e-01
7.160000000000000000e+03 9.288899999999999935e-01
7.185000000000000000e+03 9.467940000000000245e-01
7.210000000000000000e+03 9.739550000000000152e-01
7.235000000000000000e+03 9.873180000000000289e-01
7.260000000000000000e+03 9.904239999999999711e-01
7.285000000000000000e+03 9.864699999999999580e-01
7.310000000000000000e+03 9.958289999999999642e-01
7.335000000000000000e+03 9.951079999999999925e-01
7.360000000000000000e+03 9.983560000000000212e-01
7.385000000000000000e+03 1.000000000000000000e+00
7.410000000000000000e+03 9.949970000000000203e-01
7.435000000000000000e+03 9.797890000000000210e-01
7.460000000000000000e+03 9.691969999999999752e-01
7.485000000000000000e+03 9.671939999999999982e-01
7.510000000000000000e+03 9.694679999999999964e-01
7.535000000000000000e+03 9.795399999999999663e-01
7.560000000000000000e+03 9.754099999999999993e-01
7.585000000000000000e+03 9.679339999999999611e-01
7.610000000000000000e+03 9.583930000000000504e-01
7.635000000000000000e+03 9.555069999999999952e-01
7.660000000000000000e+03 9.482369999999999965e-01
7.685000000000000000e+03 9.350159999999999583e-01
7.710000000000000000e+03 9.106600000000000250e-01
7.735000000000000000e+03 8.893429999999999946e-01
7.760000000000000000e+03 8.805730000000000501e-01
7.785000000000000000e+03 8.830670000000000464e-01
7.810000000000000000e+03 8.915159999999999751e-01
7.835000000000000000e+03 8.947119999999999518e-01
7.860000000000000000e+03 8.840029999999999832e-01
7.885000000000000000e+03 8.680879999999999708e-01
7.910000000000000000e+03 8.533150000000000457e-01
7.935000000000000000e+03 8.417949999999999600e-01
7.960000000000000000e+03 8.263260000000000050e-01
7.985000000000000000e+03 8.127900000000000125e-01
8.010000000000000000e+03 7.957910000000000261e-01
8.035000000000000000e+03 7.844050000000000189e-01
8.060000000000000000e+03 7.838540000000000507e-01
8.085000000000000000e+03 7.862010000000000387e-01
8.110000000000000000e+03 7.877039999999999598e-01
8.135000000000000000e+03 7.830479999999999663e-01
8.160000000000000000e+03 7.754029999999999534e-01
8.185000000000000000e+03 7.707450000000000134e-01
8.210000000000000000e+03 7.670059999999999656e-01
8.235000000000000000e+03 7.521379999999999733e-01
8.260000000000000000e+03 7.319970000000000088e-01
8.285000000000000000e+03 7.133249999999999869e-01
8.310000000000000000e+03 6.928689999999999571e-01
8.335000000000000000e+03 6.785470000000000113e-01
8.360000000000000000e+03 6.674670000000000325e-01
8.385000000000000000e+03 6.616410000000000347e-01
8.410000000000000000e+03 6.602360000000000451e-01
8.435000000000000000e+03 6.448850000000000415e-01
8.460000000000000000e+03 6.138630000000000475e-01
8.485000000000000000e+03 5.768830000000000346e-01
8.510000000000000000e+03 4.974970000000000225e-01
8.535000000000000000e+03 3.373929999999999985e-01
8.560000000000000000e+03 1.529159999999999964e-01
8.585000000000000000e+03 5.212169999999999997e-02
8.610000000000000000e+03 2.314340000000000147e-02
8.635000000000000000e+03 0.000000000000000000e+00
8.660000000000000000e+03 0.000000000000000000e+00
