6.770000000000000000e+03 0.000000000000000000e+00
6.795000000000000000e+03 0.000000000000000000e+00
6.820000000000000000e+03 5.072469999999999930e-03
6.845000000000000000e+03 6.315929999999999982e-03
6.870000000000000000e+03 8.007840000000000444e-03
6.895000000000000000e+03 1.663020000000000123e-02
6.920000000000000000e+03 4.083130000000000093e-02
6.945000000000000000e+03 8.547230000000000105e-02
6.970000000000000000e+03 1.533229999999999871e-01
6.995000000000000000e+03 2.276729999999999865e-01
7.020000000000000000e+03 3.190689999999999915e-01
7.045000000000000000e+03 4.318870000000000209e-01
7.070000000000000000e+03 5.395759999999999446e-01
7.095000000000000000e+03 6.346559999999999979e-01
7.120000000000000000e+03 7.082129999999999814e-01
7.145000000000000000e+03 7.688660000000000494e-01
7.170000000000000000e+03 8.136219999999999564e-01
7.195000000000000000e+03 8.695009999999999684e-01
7.220000000000000000e+03 9.085609999999999520e-01
7.245000000000000000e+03 9.427680000000000504e-01
7.270000000000000000e+03 9.680539999999999701e-01
7.295000000000000000e+03 9.697189999999999976e-01
7.320000000000000000e+03 9.734939999999999705e-01
7.345000000000000000e+03 9.816970000000000418e-01
7.370000000000000000e+03 9.790240000000000054e-01
7.395000000000000000e+03 9.939999999999999947e-01
7.420000000000000000e+03 9.872530000000000472e-01
7.445000000000000000e+03 1.000000000000000000e+00
7.470000000000000000e+03 9.870400000000000285e-01
7.495000000000000000e+03 9.876110000000000166e-01
7.520000000000000000e+03 9.694399999999999684e-01
7.545000000000000000e+03 9.506379999999999830e-01
7.570000000000000000e+03 9.377879999999999550e-01
7.595000000000000000e+03 9.343110000000000026e-01
7.620000000000000000e+03 9.337969999999999882e-01
7.645000000000000000e+03 9.600309999999999677e-01
7.670000000000000000e+03 9.664880000000000138e-01
7.695000000000000000e+03 9.457510000000000083e-01
7.720000000000000000e+03 9.277260000000000506e-01
7.745000000000000000e+03 9.060570000000000013e-01
7.770000000000000000e+03 8.908939999999999637e-01
7.795000000000000000e+03 8.729080000000000172e-01
7.820000000000000000e+03 8.765709999999999891e-01
7.845000000000000000e+03 8.820980000000000487e-01
7.870000000000000000e+03 8.899089999999999501e-01
7.895000000000000000e+03 8.864589999999999970e-01
7.920000000000000000e+03 8.829620000000000246e-01
7.945000000000000000e+03 8.699580000000000091e-01
7.970000000000000000e+03 8.525960000000000205e-01
7.995000000000000000e+03 8.547609999999999930e-01
8.020000000000000000e+03 8.378379999999999717e-01
8.045000000000000000e+03 8.350990000000000357e-01
8.070000000000000000e+03 8.254059999999999730e-01
8.095000000000000000e+03 8.184909999999999686e-01
8.120000000000000000e+03 8.240739999999999732e-01
8.145000000000000000e+03 8.030180000000000096e-01
8.170000000000000000e+03 7.958490000000000286e-01
8.195000000000000000e+03 7.852130000000000498e-01
8.220000000000000000e+03 7.784410000000000496e-01
8.245000000000000000e+03 7.686469999999999692e-01
8.270000000000000000e+03 7.630149999999999988e-01
8.295000000000000000e+03 7.532229999999999759e-01
8.320000000000000000e+03 7.389980000000000437e-01
8.345000000000000000e+03 7.314089999999999758e-01
8.370000000000000000e+03 7.237329999999999597e-01
8.395000000000000000e+03 7.157339999999999813e-01
8.420000000000000000e+03 7.084740000000000482e-01
8.445000000000000000e+03 7.016050000000000342e-01
8.470000000000000000e+03 6.874059999999999615e-01
8.495000000000000000e+03 6.784559999999999480e-01
8.520000000000000000e+03 6.739169999999999883e-01
8.545000000000000000e+03 6.638939999999999841e-01
8.570000000000000000e+03 6.651230000000000198e-01
8.595000000000000000e+03 6.499239999999999462e-01
8.620000000000000000e+03 6.381809999999999983e-01
8.645000000000000000e+03 6.297070000000000167e-01
8.670000000000000000e+03 6.189050000000000384e-01
8.695000000000000000e+03 6.054869999999999974e-01
8.720000000000000000e+03 5.940950000000000397e-01
8.745000000000000000e+03 5.819119999999999848e-01
8.770000000000000000e+03 5.728950000000000431e-01
8.795000000000000000e+03 5.658100000000000351e-01
8.820000000000000000e+03 5.600340000000000318e-01
8.845000000000000000e+03 5.530370000000000008e-01
8.870000000000000000e+03 5.413470000000000226e-01
8.895000000000000000e+03 5.291420000000000012e-01
8.920000000000000000e+03 5.122940000000000271e-01
8.945000000000000000e+03 5.021179999999999533e-01
8.970000000000000000e+03 4.848140000000000227e-01
8.995000000000000000e+03 4.785320000000000129e-01
9.020000000000000000e+03 4.741279999999999939e-01
9.045000000000000000e+03 4.624809999999999754e-01
9.070000000000000000e+03 4.523300000000000098e-01
9.095000000000000000e+03 4.394660000000000233e-01
9.120000000000000000e+03 4.322019999999999751e-01
9.145000000000000000e+03 4.203040000000000109e-01
9.170000000000000000e+03 4.131799999999999917e-01
9.195000000000000000e+03 4.061960000000000015e-01
9.220000000000000000e+03 4.009659999999999891e-01
9.245000000000000000e+03 3.922539999999999916e-01
9.270000000000000000e+03 3.879139999999999810e-01
9.295000000000000000e+03 3.773799999999999932e-01
9.320000000000000000e+03 3.687989999999999879e-01
9.345000000000000000e+03 3.579609999999999737e-01
9.370000000000000000e+03 3.474689999999999723e-01
9.395000000000000000e+03 3.356669999999999932e-01
9.420000000000000000e+03 3.171209999999999862e-01
9.445000000000000000e+03 3.035059999999999980e-01
9.470000000000000000e+03 2.869360000000000244e-01
9.495000000000000000e+03 2.746640000000000192e-01
9.520000000000000000e+03 2.695560000000000178e-01
9.545000000000000000e+03 2.550680000000000169e-01
9.570000000000000000e+03 1.907600000000000129e-01
9.595000000000000000e+03 9.272690000000000099e-02
9.620000000000000000e+03 3.970869999999999955e-02
9.645000000000000000e+03 0.000000000000000000e+00
9.670000000000000000e+03 0.000000000000000000e+00
