7.860000000000000000e+03 0.000000000000000000e+00
7.890000000000000000e+03 0.000000000000000000e+00
7.920000000000000000e+03 2.308109999999999936e-03
7.950000000000000000e+03 3.398650000000000022e-03
7.980000000000000000e+03 5.848270000000000031e-03
8.010000000000000000e+03 1.152929999999999927e-02
8.040000000000000000e+03 2.057940000000000116e-02
8.070000000000000000e+03 3.360010000000000080e-02
8.100000000000000000e+03 5.588540000000000174e-02
8.130000000000000000e+03 8.722920000000000673e-02
8.160000000000000000e+03 1.313159999999999883e-01
8.190000000000000000e+03 1.887280000000000069e-01
8.220000000000000000e+03 2.588019999999999765e-01
8.250000000000000000e+03 3.353280000000000149e-01
8.280000000000000000e+03 4.295089999999999741e-01
8.310000000000000000e+03 5.210439999999999516e-01
8.340000000000000000e+03 6.170409999999999506e-01
8.370000000000000000e+03 7.011509999999999687e-01
8.400000000000000000e+03 7.755480000000000151e-01
8.430000000000000000e+03 8.316519999999999468e-01
8.460000000000000000e+03 8.795579999999999510e-01
8.490000000000000000e+03 9.256529999999999481e-01
8.520000000000000000e+03 9.568229999999999791e-01
8.550000000000000000e+03 9.763830000000000009e-01
8.580000000000000000e+03 9.887939999999999507e-01
8.610000000000000000e+03 1.000000000000000000e+00
8.640000000000000000e+03 9.941119999999999957e-01
8.670000000000000000e+03 9.925310000000000521e-01
8.700000000000000000e+03 9.881640000000000423e-01
8.730000000000000000e+03 9.768130000000000424e-01
8.760000000000000000e+03 9.685040000000000315e-01
8.790000000000000000e+03 9.549689999999999568e-01
8.820000000000000000e+03 9.374029999999999863e-01
8.850000000000000000e+03 9.229220000000000201e-01
8.880000000000000000e+03 9.092649999999999899e-01
8.910000000000000000e+03 8.913759999999999462e-01
8.940000000000000000e+03 8.755460000000000464e-01
8.970000000000000000e+03 8.572400000000000020e-01
9.000000000000000000e+03 8.418870000000000520e-01
9.030000000000000000e+03 8.213629999999999542e-01
9.060000000000000000e+03 8.026130000000000209e-01
9.090000000000000000e+03 7.848669999999999813e-01
9.120000000000000000e+03 7.676539999999999475e-01
9.150000000000000000e+03 7.478770000000000140e-01
9.180000000000000000e+03 7.305049999999999599e-01
9.210000000000000000e+03 7.107609999999999761e-01
9.240000000000000000e+03 6.935540000000000038e-01
9.270000000000000000e+03 6.768119999999999692e-01
9.300000000000000000e+03 6.605830000000000313e-01
9.330000000000000000e+03 6.411550000000000304e-01
9.360000000000000000e+03 6.235429999999999584e-01
9.390000000000000000e+03 6.038999999999999924e-01
9.420000000000000000e+03 5.813260000000000094e-01
9.450000000000000000e+03 5.586280000000000134e-01
9.480000000000000000e+03 5.358490000000000197e-01
9.510000000000000000e+03 5.108510000000000550e-01
9.540000000000000000e+03 4.855249999999999844e-01
9.570000000000000000e+03 4.671620000000000217e-01
9.600000000000000000e+03 4.458810000000000273e-01
9.630000000000000000e+03 4.242480000000000140e-01
9.660000000000000000e+03 4.040549999999999975e-01
9.690000000000000000e+03 3.821849999999999969e-01
9.720000000000000000e+03 3.620780000000000109e-01
9.750000000000000000e+03 3.424159999999999981e-01
9.780000000000000000e+03 3.222130000000000272e-01
9.810000000000000000e+03 3.056559999999999833e-01
9.840000000000000000e+03 2.920610000000000150e-01
9.870000000000000000e+03 2.781939999999999968e-01
9.900000000000000000e+03 2.652749999999999830e-01
9.930000000000000000e+03 2.512269999999999781e-01
9.960000000000000000e+03 2.381949999999999901e-01
9.990000000000000000e+03 2.249569999999999903e-01
1.002000000000000000e+04 2.126689999999999969e-01
1.005000000000000000e+04 2.027299999999999935e-01
1.008000000000000000e+04 1.920699999999999907e-01
1.011000000000000000e+04 1.813970000000000027e-01
1.014000000000000000e+04 1.712319999999999953e-01
1.017000000000000000e+04 1.599109999999999976e-01
1.020000000000000000e+04 1.494139999999999913e-01
1.023000000000000000e+04 1.412609999999999977e-01
1.026000000000000000e+04 1.332889999999999908e-01
1.029000000000000000e+04 1.252489999999999992e-01
1.032000000000000000e+04 1.172600000000000031e-01
1.035000000000000000e+04 1.092290000000000066e-01
1.038000000000000000e+04 1.011650000000000049e-01
1.041000000000000000e+04 9.349670000000000203e-02
1.044000000000000000e+04 8.743760000000000421e-02
1.047000000000000000e+04 8.137890000000000401e-02
1.050000000000000000e+04 7.505969999999999309e-02
1.053000000000000000e+04 6.897340000000000415e-02
1.056000000000000000e+04 6.281829999999999359e-02
1.059000000000000000e+04 5.671410000000000340e-02
1.062000000000000000e+04 5.169939999999999952e-02
1.065000000000000000e+04 4.724649999999999683e-02
1.068000000000000000e+04 4.278049999999999908e-02
1.071000000000000000e+04 3.827839999999999715e-02
1.074000000000000000e+04 3.376649999999999791e-02
1.077000000000000000e+04 2.928750000000000103e-02
1.080000000000000000e+04 2.420020000000000157e-02
1.083000000000000000e+04 1.804429999999999923e-02
1.086000000000000000e+04 0.000000000000000000e+00
1.089000000000000000e+04 0.000000000000000000e+00
