3.630000000000000000e+03 0.000000000000000000e+00
3.655000000000000000e+03 8.303349999999999707e-04
3.680000000000000000e+03 2.214230000000000191e-03
3.705000000000000000e+03 3.598119999999999791e-03
3.730000000000000000e+03 5.258790000000000166e-03
3.755000000000000000e+03 6.642679999999999765e-03
3.780000000000000000e+03 9.410460000000000699e-03
3.805000000000000000e+03 1.522279999999999987e-02
3.830000000000000000e+03 2.850820000000000090e-02
3.855000000000000000e+03 5.369499999999999967e-02
3.880000000000000000e+03 9.022969999999999602e-02
3.905000000000000000e+03 1.361749999999999905e-01
3.930000000000000000e+03 1.898700000000000110e-01
3.955000000000000000e+03 2.490999999999999881e-01
3.980000000000000000e+03 3.108219999999999872e-01
4.005000000000000000e+03 3.714370000000000172e-01
4.030000000000000000e+03 4.276220000000000021e-01
4.055000000000000000e+03 4.766119999999999801e-01
4.080000000000000000e+03 5.184060000000000334e-01
4.105000000000000000e+03 5.543869999999999632e-01
4.130000000000000000e+03 5.856630000000000447e-01
4.155000000000000000e+03 6.127869999999999706e-01
4.180000000000000000e+03 6.368669999999999609e-01
4.205000000000000000e+03 6.581789999999999585e-01
4.230000000000000000e+03 6.775529999999999609e-01
4.255000000000000000e+03 6.955440000000000511e-01
4.280000000000000000e+03 7.124270000000000325e-01
4.305000000000000000e+03 7.287569999999999881e-01
4.330000000000000000e+03 7.448099999999999721e-01
4.355000000000000000e+03 7.603100000000000414e-01
4.380000000000000000e+03 7.752559999999999452e-01
4.405000000000000000e+03 7.893719999999999626e-01
4.430000000000000000e+03 8.023799999999999821e-01
4.455000000000000000e+03 8.137280000000000069e-01
4.480000000000000000e+03 8.245230000000000059e-01
4.505000000000000000e+03 8.347630000000000328e-01
4.530000000000000000e+03 8.455580000000000318e-01
4.555000000000000000e+03 8.571819999999999995e-01
4.580000000000000000e+03 8.693610000000000504e-01
4.605000000000000000e+03 8.812619999999999898e-01
4.630000000000000000e+03 8.923330000000000428e-01
4.655000000000000000e+03 9.014670000000000183e-01
4.680000000000000000e+03 9.089399999999999702e-01
4.705000000000000000e+03 9.153059999999999530e-01
4.730000000000000000e+03 9.208410000000000206e-01
4.755000000000000000e+03 9.261000000000000343e-01
4.780000000000000000e+03 9.310819999999999652e-01
4.805000000000000000e+03 9.363409999999999789e-01
4.830000000000000000e+03 9.418769999999999643e-01
4.855000000000000000e+03 9.479659999999999753e-01
4.880000000000000000e+03 9.543319999999999581e-01
4.905000000000000000e+03 9.609739999999999949e-01
4.930000000000000000e+03 9.673399999999999777e-01
4.955000000000000000e+03 9.739830000000000432e-01
4.980000000000000000e+03 9.800720000000000542e-01
5.005000000000000000e+03 9.858839999999999826e-01
5.030000000000000000e+03 9.911429999999999962e-01
5.055000000000000000e+03 9.955720000000000125e-01
5.080000000000000000e+03 9.988930000000000309e-01
5.105000000000000000e+03 1.000000000000000000e+00
5.130000000000000000e+03 9.988930000000000309e-01
5.155000000000000000e+03 9.950179999999999580e-01
5.180000000000000000e+03 9.911429999999999962e-01
5.205000000000000000e+03 9.847770000000000135e-01
5.230000000000000000e+03 9.554390000000000382e-01
5.255000000000000000e+03 8.840299999999999825e-01
5.280000000000000000e+03 7.769169999999999687e-01
5.305000000000000000e+03 6.473839999999999595e-01
5.330000000000000000e+03 5.089949999999999752e-01
5.355000000000000000e+03 3.742039999999999811e-01
5.380000000000000000e+03 2.521450000000000080e-01
5.405000000000000000e+03 1.516750000000000043e-01
5.430000000000000000e+03 8.164960000000000273e-02
5.455000000000000000e+03 4.594519999999999854e-02
5.480000000000000000e+03 3.099920000000000106e-02
5.505000000000000000e+03 2.131190000000000168e-02
5.530000000000000000e+03 1.383889999999999947e-02
5.555000000000000000e+03 8.856910000000000824e-03
5.580000000000000000e+03 5.812340000000000041e-03
5.605000000000000000e+03 4.151669999999999666e-03
5.630000000000000000e+03 3.321339999999999883e-03
5.655000000000000000e+03 2.767780000000000067e-03
5.680000000000000000e+03 2.491000000000000159e-03
5.705000000000000000e+03 2.214230000000000191e-03
5.730000000000000000e+03 1.660669999999999941e-03
5.755000000000000000e+03 1.383890000000000033e-03
5.780000000000000000e+03 8.303349999999999707e-04
5.805000000000000000e+03 2.767779999999999850e-04
5.830000000000000000e+03 0.000000000000000000e+00
