6.565000000000000000e+03 0.000000000000000000e+00
6.585000000000000000e+03 0.000000000000000000e+00
6.605000000000000000e+03 1.185089999999999972e-03
6.625000000000000000e+03 1.925770000000000043e-03
6.645000000000000000e+03 3.555260000000000191e-03
6.665000000000000000e+03 5.925429999999999760e-03
6.685000000000000000e+03 9.142940000000000442e-03
6.705000000000000000e+03 1.386549999999999935e-02
6.725000000000000000e+03 2.244550000000000017e-02
6.745000000000000000e+03 3.735390000000000238e-02
6.765000000000000000e+03 6.020240000000000313e-02
6.785000000000000000e+03 9.221749999999999392e-02
6.805000000000000000e+03 1.344130000000000047e-01
6.825000000000000000e+03 1.859580000000000122e-01
6.845000000000000000e+03 2.450759999999999883e-01
6.865000000000000000e+03 3.103980000000000072e-01
6.885000000000000000e+03 3.824040000000000217e-01
6.905000000000000000e+03 4.626580000000000137e-01
6.925000000000000000e+03 5.488669999999999938e-01
6.945000000000000000e+03 6.345899999999999874e-01
6.965000000000000000e+03 7.128060000000000507e-01
6.985000000000000000e+03 7.784480000000000288e-01
7.005000000000000000e+03 8.299400000000000110e-01
7.025000000000000000e+03 8.786650000000000293e-01
7.045000000000000000e+03 9.237990000000000368e-01
7.065000000000000000e+03 9.620060000000000278e-01
7.085000000000000000e+03 9.892330000000000290e-01
7.105000000000000000e+03 1.000000000000000000e+00
7.125000000000000000e+03 9.894880000000000342e-01
7.145000000000000000e+03 9.556069999999999842e-01
7.165000000000000000e+03 9.172099999999999698e-01
7.185000000000000000e+03 8.956290000000000084e-01
7.205000000000000000e+03 9.068760000000000154e-01
7.225000000000000000e+03 9.234139999999999571e-01
7.245000000000000000e+03 9.249370000000000092e-01
7.265000000000000000e+03 9.164039999999999964e-01
7.285000000000000000e+03 9.072550000000000336e-01
7.305000000000000000e+03 9.071129999999999471e-01
7.325000000000000000e+03 9.170909999999999895e-01
7.345000000000000000e+03 9.188690000000000468e-01
7.365000000000000000e+03 9.128960000000000408e-01
7.385000000000000000e+03 9.041320000000000467e-01
7.405000000000000000e+03 8.977270000000000527e-01
7.425000000000000000e+03 8.922520000000000451e-01
7.445000000000000000e+03 8.863980000000000192e-01
7.465000000000000000e+03 8.790029999999999788e-01
7.485000000000000000e+03 8.693739999999999801e-01
7.505000000000000000e+03 8.577660000000000284e-01
7.525000000000000000e+03 8.477280000000000371e-01
7.545000000000000000e+03 8.434030000000000138e-01
7.565000000000000000e+03 8.351539999999999520e-01
7.585000000000000000e+03 7.178719999999999546e-01
7.605000000000000000e+03 4.114149999999999752e-01
7.625000000000000000e+03 4.668350000000000000e-01
7.645000000000000000e+03 5.752890000000000503e-01
7.665000000000000000e+03 6.894360000000000488e-01
7.685000000000000000e+03 7.759479999999999711e-01
7.705000000000000000e+03 7.719890000000000363e-01
7.725000000000000000e+03 7.654060000000000308e-01
7.745000000000000000e+03 7.576500000000000457e-01
7.765000000000000000e+03 7.487380000000000146e-01
7.785000000000000000e+03 7.391510000000000025e-01
7.805000000000000000e+03 7.293260000000000298e-01
7.825000000000000000e+03 7.196620000000000239e-01
7.845000000000000000e+03 7.106729999999999992e-01
7.865000000000000000e+03 7.028990000000000515e-01
7.885000000000000000e+03 6.967659999999999965e-01
7.905000000000000000e+03 6.927539999999999809e-01
7.925000000000000000e+03 6.914390000000000258e-01
7.945000000000000000e+03 6.918539999999999690e-01
7.965000000000000000e+03 6.928969999999999851e-01
7.985000000000000000e+03 6.935010000000000341e-01
8.005000000000000000e+03 6.922570000000000112e-01
8.025000000000000000e+03 6.875099999999999545e-01
8.045000000000000000e+03 6.784390000000000143e-01
8.065000000000000000e+03 6.653550000000000297e-01
8.085000000000000000e+03 6.479939999999999589e-01
8.105000000000000000e+03 6.238529999999999909e-01
8.125000000000000000e+03 5.847160000000000135e-01
8.145000000000000000e+03 5.274579999999999824e-01
8.165000000000000000e+03 4.574909999999999810e-01
8.185000000000000000e+03 3.806800000000000184e-01
8.205000000000000000e+03 3.033350000000000213e-01
8.225000000000000000e+03 2.317849999999999910e-01
8.245000000000000000e+03 1.711739999999999928e-01
8.265000000000000000e+03 1.215900000000000036e-01
8.285000000000000000e+03 8.239319999999999977e-02
8.305000000000000000e+03 5.306820000000000287e-02
8.325000000000000000e+03 3.282689999999999914e-02
8.345000000000000000e+03 2.076269999999999852e-02
8.365000000000000000e+03 1.422099999999999927e-02
8.385000000000000000e+03 1.069540000000000074e-02
8.405000000000000000e+03 7.868979999999999378e-03
8.425000000000000000e+03 5.392150000000000068e-03
8.445000000000000000e+03 3.744869999999999970e-03
8.465000000000000000e+03 2.796799999999999894e-03
8.485000000000000000e+03 2.334619999999999924e-03
8.505000000000000000e+03 2.180559999999999790e-03
8.525000000000000000e+03 0.000000000000000000e+00
8.545000000000000000e+03 0.000000000000000000e+00
