5.380000000000000000e+03 0.000000000000000000e+00
5.405000000000000000e+03 2.848419999999999945e-03
5.430000000000000000e+03 2.014240000000000128e-02
5.455000000000000000e+03 5.269580000000000097e-02
5.480000000000000000e+03 1.011190000000000005e-01
5.505000000000000000e+03 1.641910000000000036e-01
5.530000000000000000e+03 2.413019999999999887e-01
5.555000000000000000e+03 3.306209999999999982e-01
5.580000000000000000e+03 4.258390000000000231e-01
5.605000000000000000e+03 5.198369999999999935e-01
5.630000000000000000e+03 6.052899999999999947e-01
5.655000000000000000e+03 6.767039999999999722e-01
5.680000000000000000e+03 7.342830000000000190e-01
5.705000000000000000e+03 7.800610000000000044e-01
5.730000000000000000e+03 8.158699999999999841e-01
5.755000000000000000e+03 8.437440000000000495e-01
5.780000000000000000e+03 8.653100000000000236e-01
5.805000000000000000e+03 8.815870000000000095e-01
5.830000000000000000e+03 8.942010000000000236e-01
5.855000000000000000e+03 9.045779999999999932e-01
5.880000000000000000e+03 9.133270000000000000e-01
5.905000000000000000e+03 9.210580000000000434e-01
5.930000000000000000e+03 9.283829999999999583e-01
5.955000000000000000e+03 9.357069999999999554e-01
5.980000000000000000e+03 9.428279999999999994e-01
6.005000000000000000e+03 9.491349999999999509e-01
6.030000000000000000e+03 9.540180000000000327e-01
6.055000000000000000e+03 9.568670000000000231e-01
6.080000000000000000e+03 9.584939999999999571e-01
6.105000000000000000e+03 9.597149999999999848e-01
6.130000000000000000e+03 9.617499999999999938e-01
6.155000000000000000e+03 9.652089999999999836e-01
6.180000000000000000e+03 9.698879999999999724e-01
6.205000000000000000e+03 9.749750000000000361e-01
6.230000000000000000e+03 9.804680000000000062e-01
6.255000000000000000e+03 9.855540000000000411e-01
6.280000000000000000e+03 9.902339999999999476e-01
6.305000000000000000e+03 9.943030000000000479e-01
6.330000000000000000e+03 9.973549999999999915e-01
6.355000000000000000e+03 9.987789999999999724e-01
6.380000000000000000e+03 9.993900000000000006e-01
6.405000000000000000e+03 9.993900000000000006e-01
6.430000000000000000e+03 9.993900000000000006e-01
6.455000000000000000e+03 9.997970000000000468e-01
6.480000000000000000e+03 1.000000000000000000e+00
6.505000000000000000e+03 9.993900000000000006e-01
6.530000000000000000e+03 9.971520000000000383e-01
6.555000000000000000e+03 9.924720000000000208e-01
6.580000000000000000e+03 9.871820000000000039e-01
6.605000000000000000e+03 9.802640000000000242e-01
6.630000000000000000e+03 9.556459999999999955e-01
6.655000000000000000e+03 8.994910000000000405e-01
6.680000000000000000e+03 8.156660000000000021e-01
6.705000000000000000e+03 7.119020000000000348e-01
6.730000000000000000e+03 5.949140000000000539e-01
6.755000000000000000e+03 4.716179999999999817e-01
6.780000000000000000e+03 3.489320000000000199e-01
6.805000000000000000e+03 2.343850000000000100e-01
6.830000000000000000e+03 1.397760000000000113e-01
6.855000000000000000e+03 7.731430000000000247e-02
6.880000000000000000e+03 4.313329999999999942e-02
6.905000000000000000e+03 2.726349999999999954e-02
6.930000000000000000e+03 2.014240000000000128e-02
6.955000000000000000e+03 1.546289999999999991e-02
6.980000000000000000e+03 1.119020000000000084e-02
7.005000000000000000e+03 7.934889999999999999e-03
7.030000000000000000e+03 5.493389999999999905e-03
7.055000000000000000e+03 4.069180000000000366e-03
7.080000000000000000e+03 3.051879999999999871e-03
7.105000000000000000e+03 2.441510000000000034e-03
7.130000000000000000e+03 2.034590000000000183e-03
7.155000000000000000e+03 1.424209999999999973e-03
7.180000000000000000e+03 8.138349999999999491e-04
7.205000000000000000e+03 4.069179999999999824e-04
7.230000000000000000e+03 0.000000000000000000e+00
