2.980000000000000000e+03 0.000000000000000000e+00
3.005000000000000000e+03 9.216590000000000199e-04
3.030000000000000000e+03 4.608300000000000070e-03
3.055000000000000000e+03 1.198160000000000024e-02
3.080000000000000000e+03 2.396310000000000107e-02
3.105000000000000000e+03 4.792629999999999807e-02
3.130000000000000000e+03 8.571429999999999327e-02
3.155000000000000000e+03 1.483869999999999911e-01
3.180000000000000000e+03 2.211980000000000057e-01
3.205000000000000000e+03 2.976960000000000162e-01
3.230000000000000000e+03 3.732719999999999927e-01
3.255000000000000000e+03 4.470049999999999857e-01
3.280000000000000000e+03 5.170510000000000383e-01
3.305000000000000000e+03 5.843319999999999625e-01
3.330000000000000000e+03 6.451609999999999845e-01
3.355000000000000000e+03 6.967740000000000045e-01
3.380000000000000000e+03 7.400919999999999721e-01
3.405000000000000000e+03 7.815670000000000117e-01
3.430000000000000000e+03 8.138250000000000206e-01
3.455000000000000000e+03 8.451610000000000511e-01
3.480000000000000000e+03 8.838709999999999622e-01
3.505000000000000000e+03 9.225809999999999844e-01
3.530000000000000000e+03 9.483869999999999800e-01
3.555000000000000000e+03 9.622119999999999562e-01
3.580000000000000000e+03 9.705070000000000086e-01
3.605000000000000000e+03 9.797240000000000393e-01
3.630000000000000000e+03 9.907829999999999693e-01
3.655000000000000000e+03 1.000000000000000000e+00
3.680000000000000000e+03 9.990780000000000216e-01
3.705000000000000000e+03 9.806449999999999889e-01
3.730000000000000000e+03 9.437790000000000346e-01
3.755000000000000000e+03 8.903229999999999755e-01
3.780000000000000000e+03 8.175109999999999877e-01
3.805000000000000000e+03 7.253460000000000463e-01
3.830000000000000000e+03 6.193549999999999889e-01
3.855000000000000000e+03 5.059909999999999686e-01
3.880000000000000000e+03 3.806450000000000111e-01
3.905000000000000000e+03 2.470050000000000023e-01
3.930000000000000000e+03 1.336410000000000098e-01
3.955000000000000000e+03 6.912440000000000251e-02
3.980000000000000000e+03 3.870969999999999966e-02
4.005000000000000000e+03 2.027649999999999939e-02
4.030000000000000000e+03 9.216590000000000199e-03
4.055000000000000000e+03 5.529949999999999623e-03
4.080000000000000000e+03 3.686640000000000143e-03
4.105000000000000000e+03 1.843320000000000071e-03
4.130000000000000000e+03 0.000000000000000000e+00
