7.805000000000000000e+03 0.000000000000000000e+00
7.830000000000000000e+03 0.000000000000000000e+00
7.855000000000000000e+03 2.542509999999999996e-03
7.880000000000000000e+03 2.701410000000000009e-03
7.905000000000000000e+03 3.972670000000000194e-03
7.930000000000000000e+03 6.356269999999999802e-03
7.955000000000000000e+03 9.216590000000000199e-03
7.980000000000000000e+03 1.430159999999999938e-02
8.005000000000000000e+03 2.224690000000000001e-02
8.030000000000000000e+03 3.480060000000000098e-02
8.055000000000000000e+03 5.148579999999999823e-02
8.080000000000000000e+03 7.325600000000000167e-02
8.105000000000000000e+03 1.012239999999999945e-01
8.130000000000000000e+03 1.357059999999999933e-01
8.155000000000000000e+03 1.776580000000000104e-01
8.180000000000000000e+03 2.270780000000000021e-01
8.205000000000000000e+03 2.830130000000000146e-01
8.230000000000000000e+03 3.451449999999999796e-01
8.255000000000000000e+03 4.126810000000000200e-01
8.280000000000000000e+03 4.865720000000000045e-01
8.305000000000000000e+03 5.671380000000000310e-01
8.330000000000000000e+03 6.477039999999999464e-01
8.355000000000000000e+03 7.147630000000000372e-01
8.380000000000000000e+03 7.657720000000000082e-01
8.405000000000000000e+03 8.091530000000000111e-01
8.430000000000000000e+03 8.474500000000000366e-01
8.455000000000000000e+03 8.816150000000000375e-01
8.480000000000000000e+03 9.108530000000000237e-01
8.505000000000000000e+03 9.351660000000000528e-01
8.530000000000000000e+03 9.555059999999999665e-01
8.555000000000000000e+03 9.720320000000000071e-01
8.580000000000000000e+03 9.847449999999999815e-01
8.605000000000000000e+03 9.936439999999999717e-01
8.630000000000000000e+03 9.987289999999999779e-01
8.655000000000000000e+03 1.000000000000000000e+00
8.680000000000000000e+03 9.974579999999999558e-01
8.705000000000000000e+03 9.911010000000000097e-01
8.730000000000000000e+03 9.812490000000000379e-01
8.755000000000000000e+03 9.694899999999999629e-01
8.780000000000000000e+03 9.545529999999999848e-01
8.805000000000000000e+03 9.378680000000000350e-01
8.830000000000000000e+03 9.191169999999999618e-01
8.855000000000000000e+03 9.000479999999999592e-01
8.880000000000000000e+03 8.803429999999999866e-01
8.905000000000000000e+03 8.531699999999999839e-01
8.930000000000000000e+03 8.020019999999999927e-01
8.955000000000000000e+03 7.406639999999999890e-01
8.980000000000000000e+03 6.936280000000000223e-01
9.005000000000000000e+03 6.709039999999999448e-01
9.030000000000000000e+03 6.651839999999999975e-01
9.055000000000000000e+03 6.621639999999999748e-01
9.080000000000000000e+03 6.499289999999999790e-01
9.105000000000000000e+03 6.307009999999999561e-01
9.130000000000000000e+03 6.125850000000000461e-01
9.155000000000000000e+03 6.030510000000000037e-01
9.180000000000000000e+03 6.055939999999999657e-01
9.205000000000000000e+03 6.108379999999999921e-01
9.230000000000000000e+03 6.014620000000000521e-01
9.255000000000000000e+03 5.639600000000000168e-01
9.280000000000000000e+03 4.961070000000000202e-01
9.305000000000000000e+03 4.207850000000000201e-01
9.330000000000000000e+03 3.640550000000000175e-01
9.355000000000000000e+03 3.397430000000000172e-01
9.380000000000000000e+03 3.453039999999999998e-01
9.405000000000000000e+03 3.565869999999999873e-01
9.430000000000000000e+03 3.475289999999999768e-01
9.455000000000000000e+03 3.259179999999999855e-01
9.480000000000000000e+03 3.213090000000000113e-01
9.505000000000000000e+03 3.232160000000000033e-01
9.530000000000000000e+03 3.140000000000000013e-01
9.555000000000000000e+03 3.117750000000000243e-01
9.580000000000000000e+03 3.200379999999999892e-01
9.605000000000000000e+03 3.281419999999999892e-01
9.630000000000000000e+03 3.371999999999999997e-01
9.655000000000000000e+03 3.476879999999999971e-01
9.680000000000000000e+03 3.526139999999999830e-01
9.705000000000000000e+03 3.427620000000000111e-01
9.730000000000000000e+03 3.208329999999999793e-01
9.755000000000000000e+03 3.011280000000000068e-01
9.780000000000000000e+03 2.892100000000000226e-01
9.805000000000000000e+03 2.820590000000000042e-01
9.830000000000000000e+03 2.742729999999999890e-01
9.855000000000000000e+03 2.637849999999999917e-01
9.880000000000000000e+03 2.490070000000000061e-01
9.905000000000000000e+03 2.327980000000000049e-01
9.930000000000000000e+03 2.175429999999999864e-01
9.955000000000000000e+03 2.034009999999999985e-01
9.980000000000000000e+03 1.894170000000000020e-01
1.000500000000000000e+04 1.755919999999999981e-01
1.003000000000000000e+04 1.627200000000000035e-01
1.005500000000000000e+04 1.500080000000000024e-01
1.008000000000000000e+04 1.374539999999999929e-01
1.010500000000000000e+04 1.260129999999999861e-01
1.013000000000000000e+04 1.156839999999999952e-01
1.015500000000000000e+04 1.055139999999999967e-01
1.018000000000000000e+04 9.550300000000000455e-02
1.020500000000000000e+04 8.644530000000000269e-02
1.023000000000000000e+04 7.770539999999999392e-02
1.025500000000000000e+04 7.007789999999999853e-02
1.028000000000000000e+04 6.356269999999999976e-02
1.030500000000000000e+04 5.736530000000000101e-02
1.033000000000000000e+04 5.212139999999999829e-02
1.035500000000000000e+04 4.703639999999999904e-02
1.038000000000000000e+04 4.211030000000000328e-02
1.040500000000000000e+04 3.813760000000000067e-02
1.043000000000000000e+04 3.448280000000000095e-02
1.045500000000000000e+04 3.178129999999999844e-02
1.048000000000000000e+04 2.923879999999999882e-02
1.050500000000000000e+04 2.669629999999999920e-02
1.053000000000000000e+04 2.431269999999999959e-02
1.055500000000000000e+04 2.288259999999999947e-02
1.058000000000000000e+04 2.161129999999999995e-02
1.060500000000000000e+04 2.034009999999999985e-02
1.063000000000000000e+04 1.906880000000000033e-02
1.065500000000000000e+04 1.779760000000000023e-02
1.068000000000000000e+04 1.652630000000000071e-02
1.070500000000000000e+04 1.525499999999999946e-02
1.073000000000000000e+04 1.398379999999999936e-02
1.075500000000000000e+04 1.271249999999999984e-02
1.078000000000000000e+04 1.144129999999999973e-02
1.080500000000000000e+04 1.032890000000000023e-02
1.083000000000000000e+04 1.001110000000000021e-02
1.085500000000000000e+04 8.898780000000000232e-03
1.088000000000000000e+04 7.786429999999999567e-03
1.090500000000000000e+04 7.627519999999999613e-03
1.093000000000000000e+04 7.468619999999999599e-03
1.095500000000000000e+04 6.515179999999999756e-03
1.098000000000000000e+04 6.197359999999999848e-03
1.100500000000000000e+04 5.243920000000000005e-03
1.103000000000000000e+04 4.926110000000000037e-03
1.105500000000000000e+04 3.972670000000000194e-03
1.108000000000000000e+04 3.813759999999999806e-03
1.110500000000000000e+04 0.000000000000000000e+00
1.113000000000000000e+04 0.000000000000000000e+00
