2.990000000000000000e+04 0.000000000000000000e+00
3.001500000000000000e+04 0.000000000000000000e+00
3.013000000000000000e+04 8.844459999999999952e-04
3.024500000000000000e+04 9.634189999999999724e-04
3.036000000000000000e+04 8.868619999999999802e-04
3.047500000000000000e+04 6.943000000000000170e-04
3.059000000000000000e+04 9.063670000000000450e-04
3.070500000000000000e+04 1.126309999999999941e-03
3.082000000000000000e+04 6.050250000000000289e-04
3.093500000000000000e+04 5.864979999999999673e-04
3.105000000000000000e+04 1.423259999999999977e-03
3.116500000000000000e+04 3.898009999999999930e-03
3.128000000000000000e+04 8.752960000000000601e-03
3.139500000000000000e+04 2.059959999999999916e-02
3.151000000000000000e+04 5.449160000000000115e-02
3.162500000000000000e+04 1.444640000000000091e-01
3.174000000000000000e+04 3.494499999999999829e-01
3.185500000000000000e+04 6.058320000000000372e-01
3.197000000000000000e+04 7.641029999999999767e-01
3.208500000000000000e+04 7.901150000000000118e-01
3.220000000000000000e+04 7.593739999999999934e-01
3.231500000000000000e+04 7.337310000000000221e-01
3.243000000000000000e+04 7.409670000000000423e-01
3.254500000000000000e+04 7.782149999999999901e-01
3.266000000000000000e+04 8.253669999999999618e-01
3.277500000000000000e+04 8.640170000000000350e-01
3.289000000000000000e+04 8.802020000000000399e-01
3.300500000000000000e+04 8.777009999999999534e-01
3.312000000000000000e+04 8.665439999999999809e-01
3.323500000000000000e+04 8.565450000000000008e-01
3.335000000000000000e+04 8.573159999999999670e-01
3.346500000000000000e+04 8.599780000000000202e-01
3.358000000000000000e+04 8.576439999999999619e-01
3.369500000000000000e+04 8.508869999999999489e-01
3.381000000000000000e+04 8.495690000000000186e-01
3.392500000000000000e+04 8.651069999999999593e-01
3.404000000000000000e+04 8.936199999999999699e-01
3.415500000000000000e+04 9.177570000000000450e-01
3.427000000000000000e+04 9.251949999999999896e-01
3.438500000000000000e+04 9.099019999999999886e-01
3.450000000000000000e+04 8.874279999999999946e-01
3.461500000000000000e+04 8.760550000000000281e-01
3.473000000000000000e+04 8.801750000000000407e-01
3.484500000000000000e+04 9.032120000000000148e-01
3.496000000000000000e+04 9.321120000000000516e-01
3.507500000000000000e+04 9.564110000000000111e-01
3.519000000000000000e+04 9.743399999999999839e-01
3.530500000000000000e+04 9.807059999999999667e-01
3.542000000000000000e+04 9.739759999999999529e-01
3.553500000000000000e+04 9.663880000000000248e-01
3.565000000000000000e+04 9.592789999999999928e-01
3.576500000000000000e+04 9.529530000000000500e-01
3.588000000000000000e+04 9.566179999999999684e-01
3.599500000000000000e+04 9.646550000000000402e-01
3.611000000000000000e+04 9.673599999999999977e-01
3.622500000000000000e+04 9.682859999999999800e-01
3.634000000000000000e+04 9.592249999999999943e-01
3.645500000000000000e+04 9.455130000000000479e-01
3.657000000000000000e+04 9.315839999999999677e-01
3.668500000000000000e+04 9.236659999999999870e-01
3.680000000000000000e+04 9.268079999999999652e-01
3.691500000000000000e+04 9.399480000000000057e-01
3.703000000000000000e+04 9.576400000000000468e-01
3.714500000000000000e+04 9.793290000000000051e-01
3.726000000000000000e+04 9.904380000000000406e-01
3.737500000000000000e+04 9.985619999999999497e-01
3.749000000000000000e+04 1.000000000000000000e+00
3.760500000000000000e+04 9.939500000000000002e-01
3.772000000000000000e+04 9.840470000000000050e-01
3.783500000000000000e+04 9.744720000000000049e-01
3.795000000000000000e+04 9.700339999999999518e-01
3.806500000000000000e+04 9.671189999999999509e-01
3.818000000000000000e+04 9.604789999999999717e-01
3.829500000000000000e+04 9.487419999999999742e-01
3.841000000000000000e+04 9.320199999999999596e-01
3.852500000000000000e+04 9.116309999999999691e-01
3.864000000000000000e+04 9.034640000000000448e-01
3.875500000000000000e+04 9.179220000000000157e-01
3.887000000000000000e+04 9.405090000000000394e-01
3.898500000000000000e+04 9.367259999999999476e-01
3.910000000000000000e+04 8.412060000000000093e-01
3.921500000000000000e+04 5.888349999999999973e-01
3.933000000000000000e+04 3.069250000000000034e-01
3.944500000000000000e+04 1.258070000000000022e-01
3.956000000000000000e+04 4.697520000000000168e-02
3.967500000000000000e+04 1.784600000000000075e-02
3.979000000000000000e+04 7.646599999999999925e-03
3.990500000000000000e+04 3.550150000000000181e-03
4.002000000000000000e+04 1.652189999999999995e-03
4.013500000000000000e+04 9.192789999999999512e-04
4.025000000000000000e+04 9.702050000000000257e-04
4.036500000000000000e+04 1.041590000000000007e-03
4.048000000000000000e+04 0.000000000000000000e+00
4.059500000000000000e+04 0.000000000000000000e+00
