3.805000000000000000e+04 0.000000000000000000e+00
3.820000000000000000e+04 0.000000000000000000e+00
3.835000000000000000e+04 2.528930000000000197e-04
3.850000000000000000e+04 2.448230000000000241e-04
3.865000000000000000e+04 6.543560000000000348e-04
3.880000000000000000e+04 1.043609999999999937e-03
3.895000000000000000e+04 2.364950000000000212e-03
3.910000000000000000e+04 5.190000000000000169e-03
3.925000000000000000e+04 1.190120000000000067e-02
3.940000000000000000e+04 2.424729999999999941e-02
3.955000000000000000e+04 4.772010000000000141e-02
3.970000000000000000e+04 9.570370000000000266e-02
3.985000000000000000e+04 2.073329999999999895e-01
4.000000000000000000e+04 4.280800000000000161e-01
4.015000000000000000e+04 6.485030000000000516e-01
4.030000000000000000e+04 7.346209999999999685e-01
4.045000000000000000e+04 7.259689999999999754e-01
4.060000000000000000e+04 6.901960000000000317e-01
4.075000000000000000e+04 6.528639999999999999e-01
4.090000000000000000e+04 6.254769999999999497e-01
4.105000000000000000e+04 6.190149999999999819e-01
4.120000000000000000e+04 6.350050000000000416e-01
4.135000000000000000e+04 6.733620000000000161e-01
4.150000000000000000e+04 7.314450000000000118e-01
4.165000000000000000e+04 7.928250000000000020e-01
4.180000000000000000e+04 8.436069999999999958e-01
4.195000000000000000e+04 8.815770000000000550e-01
4.210000000000000000e+04 9.037819999999999743e-01
4.225000000000000000e+04 9.120390000000000441e-01
4.240000000000000000e+04 9.079549999999999566e-01
4.255000000000000000e+04 8.904769999999999630e-01
4.270000000000000000e+04 8.724960000000000493e-01
4.285000000000000000e+04 8.635570000000000190e-01
4.300000000000000000e+04 8.721539999999999848e-01
4.315000000000000000e+04 8.915330000000000199e-01
4.330000000000000000e+04 9.128049999999999775e-01
4.345000000000000000e+04 9.297539999999999694e-01
4.360000000000000000e+04 9.388649999999999496e-01
4.375000000000000000e+04 9.502690000000000303e-01
4.390000000000000000e+04 9.620720000000000383e-01
4.405000000000000000e+04 9.772110000000000518e-01
4.420000000000000000e+04 9.900259999999999616e-01
4.435000000000000000e+04 9.975659999999999528e-01
4.450000000000000000e+04 1.000000000000000000e+00
4.465000000000000000e+04 9.977169999999999650e-01
4.480000000000000000e+04 9.924549999999999761e-01
4.495000000000000000e+04 9.824530000000000207e-01
4.510000000000000000e+04 9.667280000000000317e-01
4.525000000000000000e+04 9.508469999999999978e-01
4.540000000000000000e+04 9.379899999999999904e-01
4.555000000000000000e+04 9.280059999999999976e-01
4.570000000000000000e+04 9.228619999999999601e-01
4.585000000000000000e+04 9.147600000000000176e-01
4.600000000000000000e+04 9.044550000000000090e-01
4.615000000000000000e+04 8.882430000000000048e-01
4.630000000000000000e+04 8.668350000000000222e-01
4.645000000000000000e+04 8.609139999999999571e-01
4.660000000000000000e+04 8.660290000000000488e-01
4.675000000000000000e+04 8.776979999999999782e-01
4.690000000000000000e+04 8.905750000000000055e-01
4.705000000000000000e+04 9.032179999999999653e-01
4.720000000000000000e+04 9.063219999999999610e-01
4.735000000000000000e+04 9.004720000000000502e-01
4.750000000000000000e+04 8.885570000000000412e-01
4.765000000000000000e+04 8.722180000000000488e-01
4.780000000000000000e+04 8.544620000000000548e-01
4.795000000000000000e+04 8.379659999999999886e-01
4.810000000000000000e+04 8.261950000000000127e-01
4.825000000000000000e+04 8.185869999999999536e-01
4.840000000000000000e+04 8.159800000000000386e-01
4.855000000000000000e+04 8.151239999999999597e-01
4.870000000000000000e+04 8.138109999999999511e-01
4.885000000000000000e+04 8.127389999999999892e-01
4.900000000000000000e+04 8.137450000000000516e-01
4.915000000000000000e+04 8.122409999999999908e-01
4.930000000000000000e+04 7.998349999999999627e-01
4.945000000000000000e+04 7.635610000000000452e-01
4.960000000000000000e+04 7.130039999999999711e-01
4.975000000000000000e+04 6.806860000000000133e-01
4.990000000000000000e+04 6.896649999999999725e-01
5.005000000000000000e+04 6.586210000000000120e-01
5.020000000000000000e+04 4.140789999999999749e-01
5.035000000000000000e+04 1.402170000000000083e-01
5.050000000000000000e+04 4.807609999999999661e-02
5.065000000000000000e+04 0.000000000000000000e+00
5.080000000000000000e+04 0.000000000000000000e+00
