4.863000000000000000e+04 0.000000000000000000e+00
4.882000000000000000e+04 0.000000000000000000e+00
4.901000000000000000e+04 2.355190000000000061e-03
4.920000000000000000e+04 2.793390000000000196e-03
4.939000000000000000e+04 1.995279999999999970e-02
4.958000000000000000e+04 8.649779999999999969e-02
4.977000000000000000e+04 2.091159999999999963e-01
4.996000000000000000e+04 3.422029999999999794e-01
5.015000000000000000e+04 4.629750000000000254e-01
5.034000000000000000e+04 5.439450000000000118e-01
5.053000000000000000e+04 5.539610000000000367e-01
5.072000000000000000e+04 5.568089999999999984e-01
5.091000000000000000e+04 6.169519999999999449e-01
5.110000000000000000e+04 6.881559999999999899e-01
5.129000000000000000e+04 7.186529999999999863e-01
5.148000000000000000e+04 7.166379999999999972e-01
5.167000000000000000e+04 7.066419999999999924e-01
5.186000000000000000e+04 7.023139999999999938e-01
5.205000000000000000e+04 7.188299999999999690e-01
5.224000000000000000e+04 7.588810000000000278e-01
5.243000000000000000e+04 7.928239999999999732e-01
5.262000000000000000e+04 7.913759999999999684e-01
5.281000000000000000e+04 7.596049999999999747e-01
5.300000000000000000e+04 7.272279999999999855e-01
5.319000000000000000e+04 7.371240000000000014e-01
5.338000000000000000e+04 7.857009999999999827e-01
5.357000000000000000e+04 8.278410000000000490e-01
5.376000000000000000e+04 8.430440000000000156e-01
5.395000000000000000e+04 8.487630000000000452e-01
5.414000000000000000e+04 8.475200000000000511e-01
5.433000000000000000e+04 8.409670000000000201e-01
5.452000000000000000e+04 8.363869999999999916e-01
5.471000000000000000e+04 8.342979999999999841e-01
5.490000000000000000e+04 8.342330000000000023e-01
5.509000000000000000e+04 8.317149999999999821e-01
5.528000000000000000e+04 8.315630000000000521e-01
5.547000000000000000e+04 8.512049999999999894e-01
5.566000000000000000e+04 8.839510000000000423e-01
5.585000000000000000e+04 8.988709999999999756e-01
5.604000000000000000e+04 8.923510000000000053e-01
5.623000000000000000e+04 8.843349999999999822e-01
5.642000000000000000e+04 8.891449999999999632e-01
5.661000000000000000e+04 9.059009999999999563e-01
5.680000000000000000e+04 9.244689999999999852e-01
5.699000000000000000e+04 9.263080000000000203e-01
5.718000000000000000e+04 9.199850000000000527e-01
5.737000000000000000e+04 9.324099999999999611e-01
5.756000000000000000e+04 9.572420000000000373e-01
5.775000000000000000e+04 9.588029999999999609e-01
5.794000000000000000e+04 9.392850000000000366e-01
5.813000000000000000e+04 9.387149999999999661e-01
5.832000000000000000e+04 9.548299999999999566e-01
5.851000000000000000e+04 9.658670000000000311e-01
5.870000000000000000e+04 9.730100000000000415e-01
5.889000000000000000e+04 9.806150000000000144e-01
5.908000000000000000e+04 9.808649999999999869e-01
5.927000000000000000e+04 9.725249999999999728e-01
5.946000000000000000e+04 9.690229999999999677e-01
5.965000000000000000e+04 9.828729999999999967e-01
5.984000000000000000e+04 1.000000000000000000e+00
6.003000000000000000e+04 9.979160000000000252e-01
6.022000000000000000e+04 9.816369999999999818e-01
6.041000000000000000e+04 9.740760000000000529e-01
6.060000000000000000e+04 9.813169999999999948e-01
6.079000000000000000e+04 9.889609999999999790e-01
6.098000000000000000e+04 9.817069999999999963e-01
6.117000000000000000e+04 9.641520000000000090e-01
6.136000000000000000e+04 9.442720000000000002e-01
6.155000000000000000e+04 9.389910000000000201e-01
6.174000000000000000e+04 9.443679999999999852e-01
6.193000000000000000e+04 9.603040000000000465e-01
6.212000000000000000e+04 9.675770000000000204e-01
6.231000000000000000e+04 9.465609999999999857e-01
6.250000000000000000e+04 9.051500000000000101e-01
6.269000000000000000e+04 8.808890000000000331e-01
6.288000000000000000e+04 8.956199999999999717e-01
6.307000000000000000e+04 9.303479999999999528e-01
6.326000000000000000e+04 9.478010000000000046e-01
6.345000000000000000e+04 9.452939999999999676e-01
6.364000000000000000e+04 9.219570000000000265e-01
6.383000000000000000e+04 8.442229999999999457e-01
6.402000000000000000e+04 7.089060000000000361e-01
6.421000000000000000e+04 5.687039999999999873e-01
6.440000000000000000e+04 4.290329999999999977e-01
6.459000000000000000e+04 2.612769999999999815e-01
6.478000000000000000e+04 1.116670000000000024e-01
6.497000000000000000e+04 3.374789999999999734e-02
6.516000000000000000e+04 9.565380000000000063e-03
6.535000000000000000e+04 3.397659999999999830e-03
6.554000000000000000e+04 1.432789999999999975e-03
6.573000000000000000e+04 6.887899999999999969e-04
6.592000000000000000e+04 9.671229999999999627e-04
6.611000000000000000e+04 6.090509999999999934e-04
6.630000000000000000e+04 0.000000000000000000e+00
6.649000000000000000e+04 0.000000000000000000e+00
