6.020000000000000000e+04 0.000000000000000000e+00
6.046000000000000000e+04 0.000000000000000000e+00
6.072000000000000000e+04 6.120290000000000452e-04
6.098000000000000000e+04 1.119820000000000104e-03
6.124000000000000000e+04 8.144769999999999744e-04
6.150000000000000000e+04 7.169779999999999513e-04
6.176000000000000000e+04 6.275410000000000146e-04
6.202000000000000000e+04 8.313479999999999828e-04
6.228000000000000000e+04 5.669489999999999686e-04
6.254000000000000000e+04 1.091689999999999978e-03
6.280000000000000000e+04 1.483900000000000019e-03
6.306000000000000000e+04 2.043090000000000010e-03
6.332000000000000000e+04 4.545109999999999775e-03
6.358000000000000000e+04 2.266519999999999993e-02
6.384000000000000000e+04 1.018330000000000068e-01
6.410000000000000000e+04 2.383349999999999913e-01
6.436000000000000000e+04 4.000580000000000247e-01
6.462000000000000000e+04 5.406990000000000407e-01
6.488000000000000000e+04 5.973159999999999581e-01
6.514000000000000000e+04 6.587790000000000035e-01
6.540000000000000000e+04 7.094019999999999770e-01
6.566000000000000000e+04 7.297970000000000290e-01
6.592000000000000000e+04 7.397380000000000067e-01
6.618000000000000000e+04 7.413490000000000357e-01
6.644000000000000000e+04 7.349970000000000114e-01
6.670000000000000000e+04 7.227789999999999493e-01
6.696000000000000000e+04 6.935620000000000118e-01
6.722000000000000000e+04 7.167200000000000237e-01
6.748000000000000000e+04 7.518810000000000215e-01
6.774000000000000000e+04 7.567009999999999570e-01
6.800000000000000000e+04 7.775659999999999794e-01
6.826000000000000000e+04 7.956630000000000091e-01
6.852000000000000000e+04 8.010140000000000038e-01
6.878000000000000000e+04 8.030899999999999705e-01
6.904000000000000000e+04 8.018420000000000547e-01
6.930000000000000000e+04 7.933259999999999756e-01
6.956000000000000000e+04 7.941759999999999931e-01
6.982000000000000000e+04 8.031460000000000266e-01
7.008000000000000000e+04 7.854499999999999815e-01
7.034000000000000000e+04 7.663429999999999964e-01
7.060000000000000000e+04 7.779800000000000049e-01
7.086000000000000000e+04 7.762559999999999460e-01
7.112000000000000000e+04 7.710289999999999644e-01
7.138000000000000000e+04 7.875309999999999810e-01
7.164000000000000000e+04 7.937600000000000211e-01
7.190000000000000000e+04 7.750939999999999497e-01
7.216000000000000000e+04 7.765830000000000233e-01
7.242000000000000000e+04 8.024059999999999526e-01
7.268000000000000000e+04 8.221460000000000434e-01
7.294000000000000000e+04 8.188729999999999620e-01
7.320000000000000000e+04 8.092059999999999809e-01
7.346000000000000000e+04 8.095120000000000093e-01
7.372000000000000000e+04 8.224909999999999721e-01
7.398000000000000000e+04 8.363639999999999963e-01
7.424000000000000000e+04 8.384890000000000398e-01
7.450000000000000000e+04 8.226459999999999884e-01
7.476000000000000000e+04 8.113609999999999989e-01
7.502000000000000000e+04 8.364530000000000021e-01
7.528000000000000000e+04 8.790689999999999893e-01
7.554000000000000000e+04 9.005999999999999561e-01
7.580000000000000000e+04 9.104539999999999855e-01
7.606000000000000000e+04 9.220169999999999755e-01
7.632000000000000000e+04 9.144489999999999563e-01
7.658000000000000000e+04 8.962569999999999704e-01
7.684000000000000000e+04 9.034649999999999626e-01
7.710000000000000000e+04 9.267950000000000355e-01
7.736000000000000000e+04 9.275970000000000049e-01
7.762000000000000000e+04 9.140009999999999524e-01
7.788000000000000000e+04 9.111369999999999747e-01
7.814000000000000000e+04 9.179230000000000445e-01
7.840000000000000000e+04 9.205100000000000504e-01
7.866000000000000000e+04 9.322730000000000183e-01
7.892000000000000000e+04 9.548090000000000188e-01
7.918000000000000000e+04 9.640539999999999665e-01
7.944000000000000000e+04 9.522399999999999753e-01
7.970000000000000000e+04 9.361699999999999466e-01
7.996000000000000000e+04 9.369009999999999838e-01
8.022000000000000000e+04 9.512439999999999785e-01
8.048000000000000000e+04 9.665540000000000243e-01
8.074000000000000000e+04 9.695789999999999687e-01
8.100000000000000000e+04 9.707259999999999778e-01
8.126000000000000000e+04 9.814929999999999488e-01
8.152000000000000000e+04 9.903779999999999806e-01
8.178000000000000000e+04 9.817110000000000003e-01
8.204000000000000000e+04 9.704450000000000021e-01
8.230000000000000000e+04 9.737919999999999909e-01
8.256000000000000000e+04 9.903950000000000253e-01
8.282000000000000000e+04 9.961119999999999974e-01
8.308000000000000000e+04 9.915580000000000505e-01
8.334000000000000000e+04 9.936629999999999630e-01
8.360000000000000000e+04 9.974840000000000373e-01
8.386000000000000000e+04 9.897890000000000299e-01
8.412000000000000000e+04 9.719670000000000254e-01
8.438000000000000000e+04 9.698539999999999939e-01
8.464000000000000000e+04 9.875760000000000094e-01
8.490000000000000000e+04 1.000000000000000000e+00
8.516000000000000000e+04 9.957740000000000480e-01
8.542000000000000000e+04 9.833629999999999871e-01
8.568000000000000000e+04 9.824760000000000160e-01
8.594000000000000000e+04 9.869019999999999460e-01
8.620000000000000000e+04 9.863110000000000488e-01
8.646000000000000000e+04 9.857730000000000103e-01
8.672000000000000000e+04 9.796409999999999840e-01
8.698000000000000000e+04 9.589870000000000339e-01
8.724000000000000000e+04 9.261270000000000335e-01
8.750000000000000000e+04 9.061909999999999688e-01
8.776000000000000000e+04 9.095600000000000351e-01
8.802000000000000000e+04 9.316670000000000229e-01
8.828000000000000000e+04 9.494920000000000027e-01
8.854000000000000000e+04 9.477449999999999486e-01
8.880000000000000000e+04 9.339020000000000099e-01
8.906000000000000000e+04 9.243360000000000465e-01
8.932000000000000000e+04 9.176100000000000367e-01
8.958000000000000000e+04 9.107509999999999772e-01
8.984000000000000000e+04 9.058469999999999578e-01
9.010000000000000000e+04 9.017859999999999765e-01
9.036000000000000000e+04 8.941459999999999964e-01
9.062000000000000000e+04 8.796340000000000270e-01
9.088000000000000000e+04 8.648970000000000269e-01
9.114000000000000000e+04 8.567900000000000515e-01
9.140000000000000000e+04 8.497559999999999558e-01
9.166000000000000000e+04 8.387869999999999493e-01
9.192000000000000000e+04 8.127609999999999557e-01
9.218000000000000000e+04 7.703870000000000440e-01
9.244000000000000000e+04 7.154359999999999609e-01
9.270000000000000000e+04 6.504900000000000126e-01
9.296000000000000000e+04 5.818889999999999896e-01
9.322000000000000000e+04 5.203010000000000135e-01
9.348000000000000000e+04 4.636609999999999898e-01
9.374000000000000000e+04 4.018570000000000197e-01
9.400000000000000000e+04 3.291140000000000176e-01
9.426000000000000000e+04 2.597309999999999897e-01
9.452000000000000000e+04 1.991970000000000129e-01
9.478000000000000000e+04 1.421350000000000113e-01
9.504000000000000000e+04 9.107239999999999780e-02
9.530000000000000000e+04 5.274340000000000278e-02
9.556000000000000000e+04 3.101819999999999924e-02
9.582000000000000000e+04 1.920039999999999941e-02
9.608000000000000000e+04 1.288330000000000031e-02
9.634000000000000000e+04 8.652009999999999909e-03
9.660000000000000000e+04 6.105320000000000018e-03
9.686000000000000000e+04 3.574949999999999916e-03
9.712000000000000000e+04 3.861320000000000117e-03
9.738000000000000000e+04 3.782760000000000029e-03
9.764000000000000000e+04 2.245769999999999798e-03
9.790000000000000000e+04 1.666740000000000105e-03
9.816000000000000000e+04 1.399260000000000044e-03
9.842000000000000000e+04 1.673999999999999924e-03
9.868000000000000000e+04 1.112460000000000011e-03
9.894000000000000000e+04 1.209119999999999943e-03
9.920000000000000000e+04 1.430910000000000081e-03
9.946000000000000000e+04 1.507709999999999996e-03
9.972000000000000000e+04 9.573119999999999850e-04
9.998000000000000000e+04 8.289779999999999632e-04
1.002400000000000000e+05 8.125990000000000036e-04
1.005000000000000000e+05 1.275719999999999936e-03
1.007600000000000000e+05 0.000000000000000000e+00
1.010200000000000000e+05 0.000000000000000000e+00
