8.755000000000000000e+03 0.000000000000000000e+00
8.785000000000000000e+03 0.000000000000000000e+00
8.815000000000000000e+03 1.232479999999999990e-03
8.845000000000000000e+03 2.594799999999999971e-03
8.875000000000000000e+03 6.416700000000000008e-03
8.905000000000000000e+03 1.711460000000000065e-02
8.935000000000000000e+03 5.053470000000000184e-02
8.965000000000000000e+03 1.492789999999999950e-01
8.995000000000000000e+03 3.650030000000000219e-01
9.025000000000000000e+03 6.366039999999999477e-01
9.055000000000000000e+03 8.002439999999999554e-01
9.085000000000000000e+03 8.366149999999999975e-01
9.115000000000000000e+03 8.358210000000000361e-01
9.145000000000000000e+03 8.317229999999999901e-01
9.175000000000000000e+03 8.311039999999999539e-01
9.205000000000000000e+03 8.367670000000000385e-01
9.235000000000000000e+03 8.494869999999999921e-01
9.265000000000000000e+03 8.602269999999999639e-01
9.295000000000000000e+03 8.665070000000000272e-01
9.325000000000000000e+03 8.710670000000000357e-01
9.355000000000000000e+03 8.766180000000000083e-01
9.385000000000000000e+03 8.827089999999999659e-01
9.415000000000000000e+03 8.803530000000000522e-01
9.445000000000000000e+03 8.715450000000000141e-01
9.475000000000000000e+03 8.733009999999999939e-01
9.505000000000000000e+03 8.878160000000000496e-01
9.535000000000000000e+03 8.937030000000000252e-01
9.565000000000000000e+03 8.887549999999999617e-01
9.595000000000000000e+03 8.892210000000000392e-01
9.625000000000000000e+03 8.933119999999999949e-01
9.655000000000000000e+03 8.941829999999999501e-01
9.685000000000000000e+03 8.989030000000000076e-01
9.715000000000000000e+03 9.088359999999999772e-01
9.745000000000000000e+03 9.153470000000000217e-01
9.775000000000000000e+03 9.216579999999999773e-01
9.805000000000000000e+03 9.376900000000000235e-01
9.835000000000000000e+03 9.544030000000000014e-01
9.865000000000000000e+03 9.617480000000000473e-01
9.895000000000000000e+03 9.624740000000000517e-01
9.925000000000000000e+03 9.612009999999999721e-01
9.955000000000000000e+03 9.550629999999999953e-01
9.985000000000000000e+03 9.486799999999999677e-01
1.001500000000000000e+04 9.508860000000000090e-01
1.004500000000000000e+04 9.517889999999999961e-01
1.007500000000000000e+04 9.366670000000000273e-01
1.010500000000000000e+04 9.183670000000000444e-01
1.013500000000000000e+04 9.191089999999999538e-01
1.016500000000000000e+04 9.329769999999999452e-01
1.019500000000000000e+04 9.319809999999999484e-01
1.022500000000000000e+04 9.155849999999999822e-01
1.025500000000000000e+04 9.187429999999999763e-01
1.028500000000000000e+04 9.527910000000000545e-01
1.031500000000000000e+04 9.867690000000000072e-01
1.034500000000000000e+04 9.960010000000000252e-01
1.037500000000000000e+04 9.935009999999999675e-01
1.040500000000000000e+04 9.976150000000000295e-01
1.043500000000000000e+04 1.000000000000000000e+00
1.046500000000000000e+04 9.882499999999999618e-01
1.049500000000000000e+04 9.654789999999999761e-01
1.052500000000000000e+04 9.428459999999999619e-01
1.055500000000000000e+04 9.425419999999999909e-01
1.058500000000000000e+04 9.613390000000000546e-01
1.061500000000000000e+04 9.704840000000000133e-01
1.064500000000000000e+04 9.246360000000000134e-01
1.067500000000000000e+04 7.510919999999999819e-01
1.070500000000000000e+04 4.716759999999999842e-01
1.073500000000000000e+04 2.425640000000000018e-01
1.076500000000000000e+04 1.087530000000000024e-01
1.079500000000000000e+04 4.296189999999999731e-02
1.082500000000000000e+04 1.750109999999999860e-02
1.085500000000000000e+04 8.420079999999999926e-03
1.088500000000000000e+04 4.915850000000000254e-03
1.091500000000000000e+04 3.051289999999999905e-03
1.094500000000000000e+04 1.576340000000000076e-03
1.097500000000000000e+04 7.185959999999999483e-04
1.100500000000000000e+04 3.230129999999999785e-04
1.103500000000000000e+04 1.949959999999999877e-04
1.106500000000000000e+04 1.725409999999999867e-04
1.109500000000000000e+04 1.500320000000000028e-04
1.112500000000000000e+04 1.274670000000000046e-04
1.115500000000000000e+04 1.186720000000000049e-04
1.118500000000000000e+04 1.744559999999999980e-04
1.121500000000000000e+04 2.386140000000000027e-04
1.124500000000000000e+04 3.011150000000000198e-04
1.127500000000000000e+04 3.170289999999999762e-04
1.130500000000000000e+04 3.125289999999999752e-04
1.133500000000000000e+04 3.080170000000000022e-04
1.136500000000000000e+04 3.034910000000000255e-04
1.139500000000000000e+04 2.989560000000000156e-04
1.142500000000000000e+04 2.944539999999999831e-04
1.145500000000000000e+04 2.899509999999999891e-04
1.148500000000000000e+04 2.854329999999999758e-04
1.151500000000000000e+04 2.808050000000000194e-04
1.154500000000000000e+04 2.760719999999999819e-04
1.157500000000000000e+04 2.713300000000000195e-04
1.160500000000000000e+04 2.665799999999999854e-04
1.163500000000000000e+04 2.618240000000000194e-04
1.166500000000000000e+04 2.570590000000000201e-04
1.169500000000000000e+04 2.522860000000000033e-04
1.172500000000000000e+04 2.475029999999999917e-04
1.175500000000000000e+04 2.427110000000000010e-04
1.178500000000000000e+04 2.379089999999999883e-04
1.181500000000000000e+04 2.330509999999999884e-04
1.184500000000000000e+04 2.281390000000000056e-04
1.187500000000000000e+04 2.232210000000000097e-04
1.190500000000000000e+04 2.190829999999999893e-04
1.193500000000000000e+04 2.187009999999999920e-04
1.196500000000000000e+04 1.927470000000000030e-04
1.199500000000000000e+04 1.292110000000000068e-04
1.202500000000000000e+04 1.094690000000000051e-04
1.205500000000000000e+04 1.095079999999999958e-04
1.208500000000000000e+04 1.095459999999999978e-04
1.211500000000000000e+04 1.095850000000000020e-04
1.214500000000000000e+04 1.096230000000000040e-04
1.217500000000000000e+04 1.096610000000000060e-04
1.220500000000000000e+04 1.096920000000000062e-04
1.223500000000000000e+04 1.097009999999999988e-04
1.226500000000000000e+04 1.097090000000000028e-04
1.229500000000000000e+04 1.097160000000000046e-04
1.232500000000000000e+04 1.097239999999999950e-04
1.235500000000000000e+04 1.097309999999999968e-04
1.238500000000000000e+04 1.097379999999999986e-04
1.241500000000000000e+04 1.097650000000000036e-04
1.244500000000000000e+04 1.098109999999999961e-04
1.247500000000000000e+04 1.098580000000000043e-04
1.250500000000000000e+04 1.099140000000000051e-04
1.253500000000000000e+04 1.100019999999999947e-04
1.256500000000000000e+04 1.100920000000000024e-04
1.259500000000000000e+04 1.101819999999999964e-04
1.262500000000000000e+04 1.102609999999999935e-04
1.265500000000000000e+04 1.103379999999999997e-04
1.268500000000000000e+04 1.104140000000000037e-04
1.271500000000000000e+04 1.104899999999999941e-04
1.274500000000000000e+04 1.105659999999999982e-04
1.277500000000000000e+04 1.106430000000000044e-04
1.280500000000000000e+04 1.107069999999999956e-04
1.283500000000000000e+04 1.107309999999999940e-04
1.286500000000000000e+04 1.107519999999999994e-04
1.289500000000000000e+04 1.107730000000000048e-04
1.292500000000000000e+04 1.107939999999999967e-04
1.295500000000000000e+04 1.108150000000000020e-04
1.298500000000000000e+04 1.108359999999999939e-04
1.301500000000000000e+04 1.109109999999999957e-04
1.304500000000000000e+04 1.110390000000000053e-04
1.307500000000000000e+04 1.111680000000000036e-04
1.310500000000000000e+04 1.112970000000000018e-04
1.313500000000000000e+04 1.114260000000000001e-04
1.316500000000000000e+04 1.115549999999999983e-04
1.319500000000000000e+04 1.116800000000000014e-04
1.322500000000000000e+04 1.117550000000000032e-04
1.325500000000000000e+04 1.118139999999999971e-04
1.328500000000000000e+04 1.118740000000000066e-04
1.331500000000000000e+04 1.119340000000000027e-04
1.334500000000000000e+04 1.119929999999999965e-04
1.337500000000000000e+04 1.120530000000000061e-04
1.340500000000000000e+04 1.120719999999999936e-04
1.343500000000000000e+04 1.119590000000000033e-04
1.346500000000000000e+04 1.118350000000000024e-04
1.349500000000000000e+04 1.117139999999999946e-04
1.352500000000000000e+04 1.116250000000000028e-04
1.355500000000000000e+04 1.115440000000000013e-04
1.358500000000000000e+04 1.114640000000000021e-04
1.361500000000000000e+04 1.110680000000000011e-04
1.364500000000000000e+04 1.103570000000000007e-04
1.367500000000000000e+04 1.096480000000000046e-04
1.370500000000000000e+04 1.089389999999999949e-04
1.373500000000000000e+04 1.082320000000000032e-04
1.376500000000000000e+04 1.075249999999999980e-04
1.379500000000000000e+04 1.068300000000000055e-04
1.382500000000000000e+04 1.063400000000000017e-04
1.385500000000000000e+04 1.068059999999999935e-04
1.388500000000000000e+04 1.075549999999999960e-04
1.391500000000000000e+04 1.083079999999999937e-04
1.394500000000000000e+04 1.090629999999999958e-04
1.397500000000000000e+04 1.098210000000000044e-04
1.400500000000000000e+04 1.104609999999999983e-04
1.403500000000000000e+04 1.107079999999999978e-04
1.406500000000000000e+04 1.109249999999999993e-04
1.409500000000000000e+04 1.111409999999999986e-04
1.412500000000000000e+04 1.113569999999999979e-04
1.415500000000000000e+04 1.115719999999999950e-04
1.418500000000000000e+04 1.117879999999999943e-04
1.421500000000000000e+04 1.191150000000000005e-04
1.424500000000000000e+04 1.380019999999999977e-04
1.427500000000000000e+04 1.570209999999999998e-04
1.430500000000000000e+04 1.760099999999999902e-04
1.433500000000000000e+04 1.949660000000000032e-04
1.436500000000000000e+04 2.138900000000000003e-04
1.439500000000000000e+04 2.327750000000000066e-04
1.442500000000000000e+04 2.515250000000000016e-04
1.445500000000000000e+04 2.701900000000000135e-04
1.448500000000000000e+04 2.888039999999999813e-04
1.451500000000000000e+04 3.076409999999999909e-04
1.454500000000000000e+04 3.259089999999999860e-04
1.457500000000000000e+04 3.170229999999999901e-04
1.460500000000000000e+04 2.949560000000000268e-04
1.463500000000000000e+04 2.728079999999999806e-04
1.466500000000000000e+04 2.506540000000000027e-04
1.469500000000000000e+04 2.288179999999999902e-04
1.472500000000000000e+04 2.176140000000000073e-04
1.475500000000000000e+04 2.115750000000000063e-04
1.478500000000000000e+04 2.055360000000000054e-04
1.481500000000000000e+04 1.994660000000000042e-04
1.484500000000000000e+04 1.933679999999999958e-04
1.487500000000000000e+04 1.872730000000000076e-04
1.490500000000000000e+04 1.811810000000000124e-04
1.493500000000000000e+04 1.750920000000000102e-04
1.496500000000000000e+04 1.690069999999999897e-04
1.499500000000000000e+04 1.629240000000000007e-04
1.502500000000000000e+04 1.568340000000000099e-04
1.505500000000000000e+04 1.507450000000000077e-04
1.508500000000000000e+04 1.446599999999999872e-04
1.511500000000000000e+04 1.385799999999999912e-04
1.514500000000000000e+04 1.325040000000000039e-04
1.517500000000000000e+04 1.264319999999999984e-04
1.520500000000000000e+04 1.203580000000000020e-04
1.523500000000000000e+04 1.142689999999999998e-04
1.526500000000000000e+04 1.104099999999999949e-04
1.529500000000000000e+04 1.102699999999999996e-04
1.532500000000000000e+04 1.101879999999999960e-04
1.535500000000000000e+04 1.101079999999999968e-04
1.538500000000000000e+04 1.100389999999999946e-04
1.541500000000000000e+04 1.099800000000000007e-04
1.544500000000000000e+04 1.099289999999999973e-04
1.547500000000000000e+04 1.098779999999999939e-04
1.550500000000000000e+04 1.098330000000000037e-04
1.553500000000000000e+04 1.098080000000000030e-04
1.556500000000000000e+04 1.097849999999999933e-04
1.559500000000000000e+04 1.097609999999999949e-04
1.562500000000000000e+04 1.097239999999999950e-04
1.565500000000000000e+04 1.096840000000000022e-04
1.568500000000000000e+04 1.096429999999999936e-04
1.571500000000000000e+04 1.096019999999999986e-04
1.574500000000000000e+04 1.095720000000000006e-04
1.577500000000000000e+04 0.000000000000000000e+00
1.580500000000000000e+04 0.000000000000000000e+00
