8.850000000000000000e+03 0.000000000000000000e+00
8.885000000000000000e+03 0.000000000000000000e+00
8.920000000000000000e+03 5.594540000000000277e-03
8.955000000000000000e+03 1.392640000000000024e-02
8.990000000000000000e+03 4.781500000000000333e-02
9.025000000000000000e+03 1.626400000000000068e-01
9.060000000000000000e+03 4.062819999999999765e-01
9.095000000000000000e+03 6.557140000000000191e-01
9.130000000000000000e+03 7.696290000000000076e-01
9.165000000000000000e+03 7.988889999999999603e-01
9.200000000000000000e+03 7.905360000000000165e-01
9.235000000000000000e+03 7.791090000000000515e-01
9.270000000000000000e+03 7.933189999999999964e-01
9.305000000000000000e+03 8.085599999999999454e-01
9.340000000000000000e+03 8.066299999999999581e-01
9.375000000000000000e+03 8.079039999999999555e-01
9.410000000000000000e+03 8.267280000000000184e-01
9.445000000000000000e+03 8.417019999999999502e-01
9.480000000000000000e+03 8.368849999999999900e-01
9.515000000000000000e+03 8.315479999999999539e-01
9.550000000000000000e+03 8.414740000000000553e-01
9.585000000000000000e+03 8.504249999999999865e-01
9.620000000000000000e+03 8.431929999999999703e-01
9.655000000000000000e+03 8.369090000000000140e-01
9.690000000000000000e+03 8.506899999999999462e-01
9.725000000000000000e+03 8.724340000000000428e-01
9.760000000000000000e+03 8.831099999999999506e-01
9.795000000000000000e+03 8.895070000000000476e-01
9.830000000000000000e+03 9.058659999999999490e-01
9.865000000000000000e+03 9.266809999999999770e-01
9.900000000000000000e+03 9.284259999999999735e-01
9.935000000000000000e+03 9.135440000000000227e-01
9.970000000000000000e+03 9.060709999999999598e-01
1.000500000000000000e+04 9.128519999999999968e-01
1.004000000000000000e+04 9.184670000000000334e-01
1.007500000000000000e+04 9.079829999999999846e-01
1.011000000000000000e+04 8.930439999999999490e-01
1.014500000000000000e+04 8.897239999999999593e-01
1.018000000000000000e+04 8.997270000000000545e-01
1.021500000000000000e+04 9.083989999999999565e-01
1.025000000000000000e+04 9.105929999999999858e-01
1.028500000000000000e+04 9.171749999999999625e-01
1.032000000000000000e+04 9.374689999999999968e-01
1.035500000000000000e+04 9.620490000000000430e-01
1.039000000000000000e+04 9.733800000000000230e-01
1.042500000000000000e+04 9.669969999999999954e-01
1.046000000000000000e+04 9.583810000000000384e-01
1.049500000000000000e+04 9.599670000000000147e-01
1.053000000000000000e+04 9.662460000000000493e-01
1.056500000000000000e+04 9.668299999999999672e-01
1.060000000000000000e+04 9.601220000000000310e-01
1.063500000000000000e+04 9.538550000000000084e-01
1.067000000000000000e+04 9.535839999999999872e-01
1.070500000000000000e+04 9.550560000000000160e-01
1.074000000000000000e+04 9.525930000000000231e-01
1.077500000000000000e+04 9.494780000000000442e-01
1.081000000000000000e+04 9.510269999999999557e-01
1.084500000000000000e+04 9.606829999999999536e-01
1.088000000000000000e+04 9.725549999999999473e-01
1.091500000000000000e+04 9.778630000000000377e-01
1.095000000000000000e+04 9.769759999999999556e-01
1.098500000000000000e+04 9.734920000000000240e-01
1.102000000000000000e+04 9.718269999999999964e-01
1.105500000000000000e+04 9.679959999999999676e-01
1.109000000000000000e+04 9.585209999999999564e-01
1.112500000000000000e+04 9.465489999999999737e-01
1.116000000000000000e+04 9.368640000000000301e-01
1.119500000000000000e+04 9.329659999999999620e-01
1.123000000000000000e+04 9.361030000000000184e-01
1.126500000000000000e+04 9.443169999999999620e-01
1.130000000000000000e+04 9.537440000000000362e-01
1.133500000000000000e+04 9.610940000000000039e-01
1.137000000000000000e+04 9.661570000000000435e-01
1.140500000000000000e+04 9.713129999999999820e-01
1.144000000000000000e+04 9.763920000000000377e-01
1.147500000000000000e+04 9.826510000000000522e-01
1.151000000000000000e+04 9.845310000000000450e-01
1.154500000000000000e+04 9.768529999999999713e-01
1.158000000000000000e+04 9.649790000000000312e-01
1.161500000000000000e+04 9.577379999999999782e-01
1.165000000000000000e+04 9.619370000000000420e-01
1.168500000000000000e+04 9.733289999999999997e-01
1.172000000000000000e+04 9.863469999999999738e-01
1.175500000000000000e+04 9.962699999999999889e-01
1.179000000000000000e+04 1.000000000000000000e+00
1.182500000000000000e+04 9.823410000000000197e-01
1.186000000000000000e+04 9.469990000000000352e-01
1.189500000000000000e+04 9.408720000000000416e-01
1.193000000000000000e+04 9.783269999999999467e-01
1.196500000000000000e+04 8.048840000000000439e-01
1.200000000000000000e+04 3.773670000000000080e-01
1.203500000000000000e+04 1.287949999999999928e-01
1.207000000000000000e+04 4.665239999999999665e-02
1.210500000000000000e+04 1.867649999999999866e-02
1.214000000000000000e+04 7.733519999999999804e-03
1.217500000000000000e+04 3.109750000000000101e-03
1.221000000000000000e+04 1.352880000000000098e-03
1.224500000000000000e+04 3.995320000000000230e-04
1.228000000000000000e+04 1.039000000000000047e-04
1.231500000000000000e+04 1.037200000000000031e-04
1.235000000000000000e+04 1.037270000000000049e-04
1.238500000000000000e+04 1.037349999999999953e-04
1.242000000000000000e+04 1.037659999999999955e-04
1.245500000000000000e+04 1.038159999999999967e-04
1.249000000000000000e+04 1.038680000000000023e-04
1.252500000000000000e+04 1.039509999999999946e-04
1.256000000000000000e+04 1.040499999999999948e-04
1.259500000000000000e+04 1.041480000000000064e-04
1.263000000000000000e+04 1.042349999999999939e-04
1.266500000000000000e+04 1.043179999999999997e-04
1.270000000000000000e+04 1.044010000000000055e-04
1.273500000000000000e+04 1.044850000000000000e-04
1.277000000000000000e+04 1.045680000000000058e-04
1.280500000000000000e+04 1.046379999999999966e-04
1.284000000000000000e+04 1.046650000000000016e-04
1.287500000000000000e+04 1.046869999999999957e-04
1.291000000000000000e+04 1.047090000000000032e-04
1.294500000000000000e+04 1.047319999999999995e-04
1.298000000000000000e+04 1.047539999999999935e-04
1.301500000000000000e+04 1.048270000000000045e-04
1.305000000000000000e+04 1.049669999999999998e-04
1.308500000000000000e+04 1.051069999999999950e-04
1.312000000000000000e+04 1.052470000000000039e-04
1.315500000000000000e+04 1.053869999999999991e-04
1.319000000000000000e+04 1.055260000000000058e-04
1.322500000000000000e+04 1.056139999999999954e-04
1.326000000000000000e+04 1.056769999999999980e-04
1.329500000000000000e+04 1.057410000000000028e-04
1.333000000000000000e+04 1.058049999999999941e-04
1.336500000000000000e+04 1.058689999999999989e-04
1.340000000000000000e+04 1.059080000000000031e-04
1.343500000000000000e+04 1.057949999999999993e-04
1.347000000000000000e+04 1.056569999999999948e-04
1.350500000000000000e+04 1.055300000000000010e-04
1.354000000000000000e+04 1.054380000000000025e-04
1.357500000000000000e+04 1.053499999999999993e-04
1.361000000000000000e+04 1.050459999999999968e-04
1.364500000000000000e+04 1.042789999999999955e-04
1.368000000000000000e+04 1.034970000000000020e-04
1.371500000000000000e+04 1.027159999999999971e-04
1.375000000000000000e+04 1.019359999999999944e-04
1.378500000000000000e+04 1.011589999999999983e-04
1.382000000000000000e+04 1.005300000000000014e-04
1.385500000000000000e+04 1.009229999999999958e-04
1.389000000000000000e+04 1.017500000000000067e-04
1.392500000000000000e+04 1.025799999999999970e-04
1.396000000000000000e+04 1.034139999999999962e-04
1.399500000000000000e+04 1.042140000000000021e-04
1.403000000000000000e+04 1.045769999999999984e-04
1.406500000000000000e+04 1.048159999999999939e-04
1.410000000000000000e+04 1.050540000000000008e-04
1.413500000000000000e+04 1.052919999999999941e-04
1.417000000000000000e+04 1.055300000000000010e-04
1.420500000000000000e+04 1.056970000000000012e-04
1.424000000000000000e+04 1.056190000000000064e-04
1.427500000000000000e+04 1.055169999999999996e-04
1.431000000000000000e+04 1.054140000000000041e-04
1.434500000000000000e+04 1.053109999999999951e-04
1.438000000000000000e+04 1.052079999999999997e-04
1.441500000000000000e+04 1.050750000000000062e-04
1.445000000000000000e+04 1.049020000000000063e-04
1.448500000000000000e+04 1.047290000000000064e-04
1.452000000000000000e+04 1.046799999999999939e-04
1.455500000000000000e+04 1.047239999999999955e-04
1.459000000000000000e+04 1.047679999999999971e-04
1.462500000000000000e+04 1.047830000000000029e-04
1.466000000000000000e+04 1.047869999999999981e-04
1.469500000000000000e+04 1.047900000000000047e-04
1.473000000000000000e+04 1.047939999999999999e-04
1.476500000000000000e+04 1.047979999999999951e-04
1.480000000000000000e+04 1.047970000000000065e-04
1.483500000000000000e+04 1.047689999999999993e-04
1.487000000000000000e+04 1.047359999999999947e-04
1.490500000000000000e+04 1.047030000000000036e-04
1.494000000000000000e+04 1.046699999999999990e-04
1.497500000000000000e+04 1.046360000000000058e-04
1.501000000000000000e+04 1.045999999999999946e-04
1.504500000000000000e+04 1.045550000000000044e-04
1.508000000000000000e+04 1.045110000000000028e-04
1.511500000000000000e+04 1.044659999999999990e-04
1.515000000000000000e+04 1.044209999999999952e-04
1.518500000000000000e+04 1.043760000000000049e-04
1.522000000000000000e+04 1.043140000000000045e-04
1.525500000000000000e+04 1.042390000000000027e-04
1.529000000000000000e+04 1.041629999999999986e-04
1.532500000000000000e+04 1.040879999999999968e-04
1.536000000000000000e+04 1.040129999999999950e-04
1.539500000000000000e+04 1.039380000000000067e-04
1.543000000000000000e+04 1.038769999999999949e-04
1.546500000000000000e+04 1.038200000000000055e-04
1.550000000000000000e+04 1.037669999999999977e-04
1.553500000000000000e+04 1.037369999999999997e-04
1.557000000000000000e+04 1.037109999999999969e-04
1.560500000000000000e+04 1.036799999999999967e-04
1.564000000000000000e+04 1.036359999999999951e-04
1.567500000000000000e+04 1.035900000000000026e-04
1.571000000000000000e+04 1.035439999999999966e-04
1.574500000000000000e+04 1.034990000000000064e-04
1.578000000000000000e+04 1.034530000000000004e-04
1.581500000000000000e+04 1.034129999999999940e-04
1.585000000000000000e+04 1.033819999999999938e-04
1.588500000000000000e+04 1.033500000000000049e-04
1.592000000000000000e+04 1.033190000000000047e-04
1.595500000000000000e+04 1.032950000000000063e-04
1.599000000000000000e+04 0.000000000000000000e+00
1.602500000000000000e+04 0.000000000000000000e+00
