1.074000000000000000e+04 0.000000000000000000e+00
1.078000000000000000e+04 0.000000000000000000e+00
1.082000000000000000e+04 7.364769999999999650e-03
1.086000000000000000e+04 1.696229999999999960e-02
1.090000000000000000e+04 5.330769999999999953e-02
1.094000000000000000e+04 1.679950000000000054e-01
1.098000000000000000e+04 4.214860000000000273e-01
1.102000000000000000e+04 7.171729999999999494e-01
1.106000000000000000e+04 8.732299999999999507e-01
1.110000000000000000e+04 9.155130000000000212e-01
1.114000000000000000e+04 9.278349999999999653e-01
1.118000000000000000e+04 9.325689999999999813e-01
1.122000000000000000e+04 9.355560000000000542e-01
1.126000000000000000e+04 9.380610000000000337e-01
1.130000000000000000e+04 9.361859999999999626e-01
1.134000000000000000e+04 9.310319999999999707e-01
1.138000000000000000e+04 9.304970000000000185e-01
1.142000000000000000e+04 9.369389999999999663e-01
1.146000000000000000e+04 9.412449999999999983e-01
1.150000000000000000e+04 9.385000000000000009e-01
1.154000000000000000e+04 9.374130000000000518e-01
1.158000000000000000e+04 9.498370000000000424e-01
1.162000000000000000e+04 9.664469999999999450e-01
1.166000000000000000e+04 9.705270000000000286e-01
1.170000000000000000e+04 9.619370000000000420e-01
1.174000000000000000e+04 9.560999999999999499e-01
1.178000000000000000e+04 9.601619999999999600e-01
1.182000000000000000e+04 9.648149999999999782e-01
1.186000000000000000e+04 9.616980000000000528e-01
1.190000000000000000e+04 9.563679999999999959e-01
1.194000000000000000e+04 9.577039999999999997e-01
1.198000000000000000e+04 9.645789999999999642e-01
1.202000000000000000e+04 9.686810000000000143e-01
1.206000000000000000e+04 9.677379999999999871e-01
1.210000000000000000e+04 9.683869999999999978e-01
1.214000000000000000e+04 9.717050000000000409e-01
1.218000000000000000e+04 9.716580000000000217e-01
1.222000000000000000e+04 9.661269999999999580e-01
1.226000000000000000e+04 9.602389999999999537e-01
1.230000000000000000e+04 9.633559999999999901e-01
1.234000000000000000e+04 9.724979999999999736e-01
1.238000000000000000e+04 9.780999999999999694e-01
1.242000000000000000e+04 9.757919999999999927e-01
1.246000000000000000e+04 9.719079999999999941e-01
1.250000000000000000e+04 9.744650000000000256e-01
1.254000000000000000e+04 9.790889999999999871e-01
1.258000000000000000e+04 9.771889999999999743e-01
1.262000000000000000e+04 9.674920000000000186e-01
1.266000000000000000e+04 9.591650000000000453e-01
1.270000000000000000e+04 9.617759999999999643e-01
1.274000000000000000e+04 9.729520000000000390e-01
1.278000000000000000e+04 9.840870000000000450e-01
1.282000000000000000e+04 9.901739999999999986e-01
1.286000000000000000e+04 9.898310000000000164e-01
1.290000000000000000e+04 9.846120000000000427e-01
1.294000000000000000e+04 9.734429999999999472e-01
1.298000000000000000e+04 9.584310000000000329e-01
1.302000000000000000e+04 9.468689999999999607e-01
1.306000000000000000e+04 9.475310000000000121e-01
1.310000000000000000e+04 9.613410000000000011e-01
1.314000000000000000e+04 9.801739999999999897e-01
1.318000000000000000e+04 9.940949999999999509e-01
1.322000000000000000e+04 9.995779999999999665e-01
1.326000000000000000e+04 1.000000000000000000e+00
1.330000000000000000e+04 9.970599999999999463e-01
1.334000000000000000e+04 9.884060000000000068e-01
1.338000000000000000e+04 9.724599999999999911e-01
1.342000000000000000e+04 9.559360000000000079e-01
1.346000000000000000e+04 9.470159999999999689e-01
1.350000000000000000e+04 9.499980000000000091e-01
1.354000000000000000e+04 9.602209999999999912e-01
1.358000000000000000e+04 9.712100000000000177e-01
1.362000000000000000e+04 9.764150000000000329e-01
1.366000000000000000e+04 9.760550000000000059e-01
1.370000000000000000e+04 9.728719999999999590e-01
1.374000000000000000e+04 9.657679999999999598e-01
1.378000000000000000e+04 9.522260000000000169e-01
1.382000000000000000e+04 9.287929999999999797e-01
1.386000000000000000e+04 9.118680000000000119e-01
1.390000000000000000e+04 9.219450000000000145e-01
1.394000000000000000e+04 9.089030000000000165e-01
1.398000000000000000e+04 6.818159999999999776e-01
1.402000000000000000e+04 3.069029999999999814e-01
1.406000000000000000e+04 9.403899999999999759e-02
1.410000000000000000e+04 3.614099999999999951e-02
1.414000000000000000e+04 0.000000000000000000e+00
1.418000000000000000e+04 0.000000000000000000e+00
