1.153500000000000000e+04 0.000000000000000000e+00
1.158000000000000000e+04 0.000000000000000000e+00
1.162500000000000000e+04 4.962210000000000319e-04
1.167000000000000000e+04 5.318560000000000388e-04
1.171500000000000000e+04 5.794780000000000243e-04
1.176000000000000000e+04 8.248869999999999510e-04
1.180500000000000000e+04 3.086719999999999828e-03
1.185000000000000000e+04 9.850519999999999762e-03
1.189500000000000000e+04 2.857319999999999999e-02
1.194000000000000000e+04 9.056309999999999361e-02
1.198500000000000000e+04 3.174770000000000092e-01
1.203000000000000000e+04 7.701259999999999772e-01
1.207500000000000000e+04 9.686869999999999647e-01
1.212000000000000000e+04 9.716169999999999529e-01
1.216500000000000000e+04 9.730999999999999650e-01
1.221000000000000000e+04 9.805469999999999464e-01
1.225500000000000000e+04 9.856420000000000181e-01
1.230000000000000000e+04 9.809219999999999606e-01
1.234500000000000000e+04 9.732370000000000188e-01
1.239000000000000000e+04 9.725420000000000176e-01
1.243500000000000000e+04 9.747200000000000308e-01
1.248000000000000000e+04 9.736970000000000347e-01
1.252500000000000000e+04 9.684789999999999788e-01
1.257000000000000000e+04 9.646550000000000402e-01
1.261500000000000000e+04 9.695780000000000509e-01
1.266000000000000000e+04 9.795970000000000510e-01
1.270500000000000000e+04 9.879240000000000244e-01
1.275000000000000000e+04 9.879160000000000164e-01
1.279500000000000000e+04 9.822180000000000355e-01
1.284000000000000000e+04 9.812440000000000051e-01
1.288500000000000000e+04 9.868890000000000162e-01
1.293000000000000000e+04 9.922999999999999599e-01
1.297500000000000000e+04 9.917259999999999964e-01
1.302000000000000000e+04 9.865410000000000013e-01
1.306500000000000000e+04 9.844209999999999905e-01
1.311000000000000000e+04 9.867930000000000312e-01
1.315500000000000000e+04 9.906760000000000010e-01
1.320000000000000000e+04 9.929569999999999785e-01
1.324500000000000000e+04 9.950630000000000308e-01
1.329000000000000000e+04 9.990269999999999984e-01
1.333500000000000000e+04 1.000000000000000000e+00
1.338000000000000000e+04 9.977700000000000458e-01
1.342500000000000000e+04 9.902889999999999748e-01
1.347000000000000000e+04 9.837050000000000516e-01
1.351500000000000000e+04 9.839379999999999793e-01
1.356000000000000000e+04 9.899320000000000341e-01
1.360500000000000000e+04 9.909299999999999775e-01
1.365000000000000000e+04 9.899019999999999486e-01
1.369500000000000000e+04 9.812419999999999476e-01
1.374000000000000000e+04 9.713220000000000187e-01
1.378500000000000000e+04 9.600999999999999535e-01
1.383000000000000000e+04 9.515050000000000452e-01
1.387500000000000000e+04 9.553260000000000085e-01
1.392000000000000000e+04 9.623540000000000427e-01
1.396500000000000000e+04 9.713129999999999820e-01
1.401000000000000000e+04 9.799940000000000317e-01
1.405500000000000000e+04 9.851929999999999854e-01
1.410000000000000000e+04 9.894749999999999934e-01
1.414500000000000000e+04 9.925530000000000186e-01
1.419000000000000000e+04 9.932379999999999542e-01
1.423500000000000000e+04 9.920980000000000354e-01
1.428000000000000000e+04 9.891550000000000065e-01
1.432500000000000000e+04 9.879489999999999661e-01
1.437000000000000000e+04 9.873009999999999842e-01
1.441500000000000000e+04 9.876690000000000191e-01
1.446000000000000000e+04 9.888959999999999972e-01
1.450500000000000000e+04 9.903440000000000021e-01
1.455000000000000000e+04 9.903239999999999821e-01
1.459500000000000000e+04 9.862640000000000295e-01
1.464000000000000000e+04 9.807329999999999659e-01
1.468500000000000000e+04 9.761379999999999502e-01
1.473000000000000000e+04 9.766770000000000174e-01
1.477500000000000000e+04 9.784779999999999589e-01
1.482000000000000000e+04 9.820280000000000120e-01
1.486500000000000000e+04 9.845110000000000250e-01
1.491000000000000000e+04 9.862170000000000103e-01
1.495500000000000000e+04 9.895699999999999497e-01
1.500000000000000000e+04 9.926960000000000228e-01
1.504500000000000000e+04 9.936329999999999885e-01
1.509000000000000000e+04 9.892130000000000090e-01
1.513500000000000000e+04 9.807390000000000274e-01
1.518000000000000000e+04 9.683580000000000521e-01
1.522500000000000000e+04 9.583150000000000279e-01
1.527000000000000000e+04 9.539389999999999814e-01
1.531500000000000000e+04 9.538240000000000052e-01
1.536000000000000000e+04 9.571570000000000356e-01
1.540500000000000000e+04 9.619130000000000180e-01
1.545000000000000000e+04 9.658999999999999808e-01
1.549500000000000000e+04 9.688660000000000050e-01
1.554000000000000000e+04 9.695740000000000469e-01
1.558500000000000000e+04 9.662979999999999903e-01
1.563000000000000000e+04 9.591300000000000381e-01
1.567500000000000000e+04 9.475860000000000394e-01
1.572000000000000000e+04 9.352279999999999482e-01
1.576500000000000000e+04 9.279199999999999671e-01
1.581000000000000000e+04 9.376970000000000027e-01
1.585500000000000000e+04 9.588109999999999689e-01
1.590000000000000000e+04 8.753710000000000102e-01
1.594500000000000000e+04 5.416469999999999896e-01
1.599000000000000000e+04 2.190630000000000077e-01
1.603500000000000000e+04 7.663549999999999529e-02
1.608000000000000000e+04 2.845699999999999966e-02
1.612500000000000000e+04 1.419149999999999925e-02
1.617000000000000000e+04 0.000000000000000000e+00
1.621500000000000000e+04 0.000000000000000000e+00
