1.049500000000000000e+04 0.000000000000000000e+00
1.054500000000000000e+04 0.000000000000000000e+00
1.059500000000000000e+04 9.632619999999999941e-05
1.064500000000000000e+04 9.632820000000000380e-05
1.069500000000000000e+04 9.632959999999999331e-05
1.074500000000000000e+04 9.633250000000000645e-05
1.079500000000000000e+04 9.634169999999999952e-05
1.084500000000000000e+04 9.637510000000000499e-05
1.089500000000000000e+04 9.642330000000000226e-05
1.094500000000000000e+04 9.648499999999999525e-05
1.099500000000000000e+04 9.656169999999999402e-05
1.104500000000000000e+04 9.672790000000000608e-05
1.109500000000000000e+04 9.692419999999999606e-05
1.114500000000000000e+04 9.712079999999999346e-05
1.119500000000000000e+04 9.731970000000000269e-05
1.124500000000000000e+04 9.753779999999999980e-05
1.129500000000000000e+04 9.776089999999999433e-05
1.134500000000000000e+04 9.798429999999999629e-05
1.139500000000000000e+04 9.821090000000000527e-05
1.144500000000000000e+04 9.846450000000000569e-05
1.149500000000000000e+04 9.871599999999999472e-05
1.154500000000000000e+04 9.888560000000000069e-05
1.159500000000000000e+04 9.903560000000000434e-05
1.164500000000000000e+04 9.918779999999999925e-05
1.169500000000000000e+04 9.934070000000000248e-05
1.174500000000000000e+04 9.949360000000000571e-05
1.179500000000000000e+04 9.964109999999999710e-05
1.184500000000000000e+04 9.973799999999999951e-05
1.189500000000000000e+04 9.982259999999999528e-05
1.194500000000000000e+04 9.990709999999999760e-05
1.199500000000000000e+04 9.998959999999999554e-05
1.204500000000000000e+04 1.000529999999999990e-04
1.209500000000000000e+04 1.001120000000000064e-04
1.214500000000000000e+04 1.001710000000000003e-04
1.219500000000000000e+04 1.002259999999999989e-04
1.224500000000000000e+04 1.002460000000000021e-04
1.229500000000000000e+04 1.002580000000000013e-04
1.234500000000000000e+04 1.002700000000000005e-04
1.239500000000000000e+04 1.002859999999999949e-04
1.244500000000000000e+04 1.003470000000000067e-04
1.249500000000000000e+04 1.004229999999999972e-04
1.254500000000000000e+04 1.005490000000000024e-04
1.259500000000000000e+04 1.006860000000000047e-04
1.264500000000000000e+04 1.008069999999999989e-04
1.269500000000000000e+04 1.009229999999999958e-04
1.274500000000000000e+04 1.010399999999999948e-04
1.279500000000000000e+04 1.011500000000000056e-04
1.284500000000000000e+04 1.011980000000000025e-04
1.289500000000000000e+04 1.012309999999999935e-04
1.294500000000000000e+04 1.012629999999999959e-04
1.299500000000000000e+04 1.013090000000000019e-04
1.304500000000000000e+04 1.014739999999999978e-04
1.309500000000000000e+04 1.016699999999999939e-04
1.314500000000000000e+04 1.018660000000000035e-04
1.319500000000000000e+04 1.020529999999999934e-04
1.324500000000000000e+04 1.021620000000000020e-04
1.329500000000000000e+04 1.022519999999999961e-04
1.334500000000000000e+04 1.023420000000000037e-04
1.339500000000000000e+04 1.024100000000000037e-04
1.344500000000000000e+04 1.022709999999999971e-04
1.349500000000000000e+04 1.020880000000000024e-04
1.354500000000000000e+04 1.019530000000000046e-04
1.359500000000000000e+04 1.017470000000000001e-04
1.364500000000000000e+04 1.448110000000000066e-04
1.369500000000000000e+04 5.462190000000000231e-04
1.374500000000000000e+04 1.208780000000000011e-03
1.379500000000000000e+04 3.235210000000000082e-03
1.384500000000000000e+04 8.618600000000000566e-03
1.389500000000000000e+04 2.992780000000000093e-02
1.394500000000000000e+04 1.340169999999999972e-01
1.399500000000000000e+04 4.961570000000000147e-01
1.404500000000000000e+04 8.582640000000000269e-01
1.409500000000000000e+04 9.202700000000000324e-01
1.414500000000000000e+04 9.213569999999999816e-01
1.419500000000000000e+04 9.449600000000000222e-01
1.424500000000000000e+04 9.798679999999999612e-01
1.429500000000000000e+04 9.966270000000000406e-01
1.434500000000000000e+04 9.972569999999999490e-01
1.439500000000000000e+04 9.991210000000000369e-01
1.444500000000000000e+04 1.000000000000000000e+00
1.449500000000000000e+04 9.931550000000000100e-01
1.454500000000000000e+04 9.818710000000000493e-01
1.459500000000000000e+04 9.771699999999999831e-01
1.464500000000000000e+04 9.851149999999999629e-01
1.469500000000000000e+04 9.946239999999999526e-01
1.474500000000000000e+04 9.908770000000000078e-01
1.479500000000000000e+04 9.726730000000000098e-01
1.484500000000000000e+04 9.547560000000000491e-01
1.489500000000000000e+04 9.505489999999999773e-01
1.494500000000000000e+04 9.602079999999999504e-01
1.499500000000000000e+04 9.758940000000000392e-01
1.504500000000000000e+04 9.877280000000000504e-01
1.509500000000000000e+04 9.937139999999999862e-01
1.514500000000000000e+04 9.939959999999999907e-01
1.519500000000000000e+04 9.860900000000000221e-01
1.524500000000000000e+04 9.719020000000000437e-01
1.529500000000000000e+04 9.535339999999999927e-01
1.534500000000000000e+04 9.417200000000000015e-01
1.539500000000000000e+04 9.436820000000000208e-01
1.544500000000000000e+04 9.572089999999999765e-01
1.549500000000000000e+04 9.725960000000000161e-01
1.554500000000000000e+04 9.795639999999999903e-01
1.559500000000000000e+04 9.807040000000000202e-01
1.564500000000000000e+04 9.811870000000000314e-01
1.569500000000000000e+04 9.844690000000000385e-01
1.574500000000000000e+04 9.866260000000000030e-01
1.579500000000000000e+04 9.847650000000000015e-01
1.584500000000000000e+04 9.816460000000000186e-01
1.589500000000000000e+04 9.792030000000000456e-01
1.594500000000000000e+04 9.779980000000000340e-01
1.599500000000000000e+04 9.725279999999999481e-01
1.604500000000000000e+04 9.602070000000000327e-01
1.609500000000000000e+04 9.496390000000000109e-01
1.614500000000000000e+04 9.468250000000000277e-01
1.619500000000000000e+04 9.510129999999999972e-01
1.624500000000000000e+04 9.514700000000000379e-01
1.629500000000000000e+04 9.380530000000000257e-01
1.634500000000000000e+04 9.141209999999999614e-01
1.639500000000000000e+04 8.976260000000000350e-01
1.644500000000000000e+04 9.058410000000000073e-01
1.649500000000000000e+04 9.303299999999999903e-01
1.654500000000000000e+04 9.418130000000000113e-01
1.659500000000000000e+04 9.286539999999999795e-01
1.664500000000000000e+04 9.082700000000000218e-01
1.669500000000000000e+04 9.019179999999999975e-01
1.674500000000000000e+04 8.818799999999999972e-01
1.679500000000000000e+04 8.372439999999999882e-01
1.684500000000000000e+04 7.306409999999999849e-01
1.689500000000000000e+04 3.284070000000000045e-01
1.694500000000000000e+04 9.351249999999999840e-02
1.699500000000000000e+04 0.000000000000000000e+00
1.704500000000000000e+04 0.000000000000000000e+00
