1.584500000000000000e+04 0.000000000000000000e+00
1.590000000000000000e+04 0.000000000000000000e+00
1.595500000000000000e+04 4.028050000000000033e-03
1.601000000000000000e+04 8.093170000000000225e-03
1.606500000000000000e+04 2.377450000000000049e-02
1.612000000000000000e+04 6.679340000000000277e-02
1.617500000000000000e+04 1.587449999999999972e-01
1.623000000000000000e+04 3.431930000000000258e-01
1.628500000000000000e+04 6.415549999999999864e-01
1.634000000000000000e+04 8.847530000000000117e-01
1.639500000000000000e+04 9.607609999999999761e-01
1.645000000000000000e+04 9.788710000000000466e-01
1.650500000000000000e+04 9.859280000000000266e-01
1.656000000000000000e+04 9.491760000000000197e-01
1.661500000000000000e+04 9.995589999999999753e-01
1.667000000000000000e+04 9.954859999999999820e-01
1.672500000000000000e+04 1.000000000000000000e+00
1.678000000000000000e+04 9.592910000000000048e-01
1.683500000000000000e+04 9.975600000000000023e-01
1.689000000000000000e+04 9.746709999999999541e-01
1.694500000000000000e+04 9.896310000000000384e-01
1.700000000000000000e+04 9.849449999999999594e-01
1.705500000000000000e+04 9.650549999999999962e-01
1.711000000000000000e+04 9.623030000000000195e-01
1.716500000000000000e+04 9.775340000000000140e-01
1.722000000000000000e+04 9.429880000000000484e-01
1.727500000000000000e+04 9.898069999999999924e-01
1.733000000000000000e+04 8.833379999999999566e-01
1.738500000000000000e+04 9.788670000000000426e-01
1.744000000000000000e+04 9.562910000000000021e-01
1.749500000000000000e+04 9.608839999999999604e-01
1.755000000000000000e+04 9.685279999999999445e-01
1.760500000000000000e+04 9.871750000000000247e-01
1.766000000000000000e+04 9.496569999999999734e-01
1.771500000000000000e+04 9.328030000000000488e-01
1.777000000000000000e+04 6.455279999999999907e-01
1.782500000000000000e+04 3.574769999999999892e-01
1.788000000000000000e+04 1.476159999999999972e-01
1.793500000000000000e+04 6.931120000000000336e-02
1.799000000000000000e+04 2.133439999999999989e-02
1.804500000000000000e+04 0.000000000000000000e+00
1.810000000000000000e+04 0.000000000000000000e+00
