1.437500000000000000e+04 0.000000000000000000e+00
1.442500000000000000e+04 0.000000000000000000e+00
1.447500000000000000e+04 3.947769999999999752e-03
1.452500000000000000e+04 8.363910000000000441e-03
1.457500000000000000e+04 3.242149999999999893e-02
1.462500000000000000e+04 8.402940000000000409e-02
1.467500000000000000e+04 1.381410000000000138e-01
1.472500000000000000e+04 2.939880000000000271e-01
1.477500000000000000e+04 4.620210000000000150e-01
1.482500000000000000e+04 7.815469999999999917e-01
1.487500000000000000e+04 8.116079999999999961e-01
1.492500000000000000e+04 8.939759999999999929e-01
1.497500000000000000e+04 8.521809999999999663e-01
1.502500000000000000e+04 7.730200000000000404e-01
1.507500000000000000e+04 8.708749999999999547e-01
1.512500000000000000e+04 9.193750000000000533e-01
1.517500000000000000e+04 9.344710000000000516e-01
1.522500000000000000e+04 9.641039999999999610e-01
1.527500000000000000e+04 9.702460000000000528e-01
1.532500000000000000e+04 9.652119999999999589e-01
1.537500000000000000e+04 9.543570000000000109e-01
1.542500000000000000e+04 9.591089999999999893e-01
1.547500000000000000e+04 9.820860000000000145e-01
1.552500000000000000e+04 1.000000000000000000e+00
1.557500000000000000e+04 9.973929999999999740e-01
1.562500000000000000e+04 9.809379999999999766e-01
1.567500000000000000e+04 9.490309999999999580e-01
1.572500000000000000e+04 9.572920000000000318e-01
1.577500000000000000e+04 9.736350000000000282e-01
1.582500000000000000e+04 9.525219999999999798e-01
1.587500000000000000e+04 9.824110000000000342e-01
1.592500000000000000e+04 9.835089999999999666e-01
1.597500000000000000e+04 9.878169999999999451e-01
1.602500000000000000e+04 9.646360000000000490e-01
1.607500000000000000e+04 9.423169999999999602e-01
1.612500000000000000e+04 9.530070000000000485e-01
1.617500000000000000e+04 9.350270000000000525e-01
1.622500000000000000e+04 9.242219999999999880e-01
1.627500000000000000e+04 7.542809999999999793e-01
1.632500000000000000e+04 4.048669999999999769e-01
1.637500000000000000e+04 1.572929999999999884e-01
1.642500000000000000e+04 5.910019999999999857e-02
1.647500000000000000e+04 2.336299999999999835e-02
1.652500000000000000e+04 1.098859999999999941e-02
1.657500000000000000e+04 5.364729999999999846e-03
1.662500000000000000e+04 3.233839999999999978e-03
1.667500000000000000e+04 0.000000000000000000e+00
1.672500000000000000e+04 0.000000000000000000e+00
