1.096500000000000000e+04 0.000000000000000000e+00
1.100500000000000000e+04 0.000000000000000000e+00
1.104500000000000000e+04 4.922170000000000017e-03
1.108500000000000000e+04 8.391080000000000413e-03
1.112500000000000000e+04 1.345520000000000049e-02
1.116500000000000000e+04 3.247599999999999792e-02
1.120500000000000000e+04 7.999299999999999466e-02
1.124500000000000000e+04 2.675170000000000048e-01
1.128500000000000000e+04 4.058610000000000273e-01
1.132500000000000000e+04 7.355049999999999644e-01
1.136500000000000000e+04 6.667560000000000153e-01
1.140500000000000000e+04 7.249619999999999953e-01
1.144500000000000000e+04 7.401379999999999626e-01
1.148500000000000000e+04 5.070029999999999815e-01
1.152500000000000000e+04 7.015550000000000397e-01
1.156500000000000000e+04 6.361569999999999725e-01
1.160500000000000000e+04 8.505160000000000498e-01
1.164500000000000000e+04 8.296470000000000233e-01
1.168500000000000000e+04 8.718449999999999811e-01
1.172500000000000000e+04 9.376769999999999827e-01
1.176500000000000000e+04 8.771750000000000380e-01
1.180500000000000000e+04 8.976460000000000550e-01
1.184500000000000000e+04 9.055809999999999693e-01
1.188500000000000000e+04 8.543929999999999580e-01
1.192500000000000000e+04 9.546780000000000266e-01
1.196500000000000000e+04 9.558990000000000542e-01
1.200500000000000000e+04 9.678449999999999553e-01
1.204500000000000000e+04 9.474110000000000031e-01
1.208500000000000000e+04 9.810440000000000271e-01
1.212500000000000000e+04 9.741710000000000091e-01
1.216500000000000000e+04 9.805399999999999672e-01
1.220500000000000000e+04 9.864600000000000035e-01
1.224500000000000000e+04 9.785049999999999581e-01
1.228500000000000000e+04 9.748700000000000143e-01
1.232500000000000000e+04 9.869050000000000322e-01
1.236500000000000000e+04 9.845949999999999980e-01
1.240500000000000000e+04 9.846099999999999852e-01
1.244500000000000000e+04 9.875159999999999494e-01
1.248500000000000000e+04 9.890870000000000495e-01
1.252500000000000000e+04 9.897150000000000114e-01
1.256500000000000000e+04 9.569100000000000383e-01
1.260500000000000000e+04 9.000280000000000502e-01
1.264500000000000000e+04 9.599050000000000082e-01
1.268500000000000000e+04 7.480400000000000382e-01
1.272500000000000000e+04 9.686099999999999710e-01
1.276500000000000000e+04 8.963740000000000041e-01
1.280500000000000000e+04 9.633369999999999989e-01
1.284500000000000000e+04 1.000000000000000000e+00
1.288500000000000000e+04 9.939040000000000097e-01
1.292500000000000000e+04 9.891189999999999705e-01
1.296500000000000000e+04 9.620429999999999815e-01
1.300500000000000000e+04 9.677649999999999864e-01
1.304500000000000000e+04 9.500629999999999908e-01
1.308500000000000000e+04 9.818980000000000485e-01
1.312500000000000000e+04 8.663859999999999895e-01
1.316500000000000000e+04 9.455609999999999848e-01
1.320500000000000000e+04 9.408729999999999594e-01
1.324500000000000000e+04 9.194329999999999448e-01
1.328500000000000000e+04 7.889890000000000514e-01
1.332500000000000000e+04 8.890670000000000517e-01
1.336500000000000000e+04 9.377090000000000147e-01
1.340500000000000000e+04 8.712680000000000424e-01
1.344500000000000000e+04 8.320920000000000538e-01
1.348500000000000000e+04 6.130539999999999878e-01
1.352500000000000000e+04 2.662030000000000229e-01
1.356500000000000000e+04 3.628630000000000050e-02
1.360500000000000000e+04 2.236310000000000034e-02
1.364500000000000000e+04 0.000000000000000000e+00
1.368500000000000000e+04 0.000000000000000000e+00
