9.365000000000000000e+03 0.000000000000000000e+00
9.400000000000000000e+03 0.000000000000000000e+00
9.435000000000000000e+03 1.016320000000000054e-04
9.470000000000000000e+03 1.771660000000000043e-04
9.505000000000000000e+03 2.010109999999999902e-04
9.540000000000000000e+03 1.897409999999999982e-04
9.575000000000000000e+03 2.067600000000000058e-04
9.610000000000000000e+03 1.904010000000000088e-04
9.645000000000000000e+03 2.873199999999999799e-04
9.680000000000000000e+03 3.328140000000000156e-04
9.715000000000000000e+03 4.436129999999999826e-04
9.750000000000000000e+03 7.016610000000000165e-04
9.785000000000000000e+03 1.067999999999999939e-03
9.820000000000000000e+03 1.567110000000000031e-03
9.855000000000000000e+03 2.828900000000000078e-03
9.890000000000000000e+03 6.774170000000000365e-03
9.925000000000000000e+03 2.230829999999999966e-02
9.960000000000000000e+03 8.130859999999999477e-02
9.995000000000000000e+03 2.070629999999999971e-01
1.003000000000000000e+04 3.784480000000000066e-01
1.006500000000000000e+04 6.115739999999999510e-01
1.010000000000000000e+04 8.269879999999999454e-01
1.013500000000000000e+04 8.909989999999999855e-01
1.017000000000000000e+04 8.972090000000000343e-01
1.020500000000000000e+04 9.268260000000000387e-01
1.024000000000000000e+04 9.304470000000000240e-01
1.027500000000000000e+04 9.249159999999999604e-01
1.031000000000000000e+04 9.345440000000000413e-01
1.034500000000000000e+04 9.499969999999999803e-01
1.038000000000000000e+04 9.668170000000000375e-01
1.041500000000000000e+04 9.797740000000000338e-01
1.045000000000000000e+04 9.797930000000000250e-01
1.048500000000000000e+04 9.788090000000000401e-01
1.052000000000000000e+04 9.706470000000000375e-01
1.055500000000000000e+04 9.581330000000000124e-01
1.059000000000000000e+04 9.379910000000000192e-01
1.062500000000000000e+04 9.258910000000000196e-01
1.066000000000000000e+04 9.255029999999999646e-01
1.069500000000000000e+04 9.467590000000000172e-01
1.073000000000000000e+04 9.759419999999999762e-01
1.076500000000000000e+04 9.955159999999999565e-01
1.080000000000000000e+04 1.000000000000000000e+00
1.083500000000000000e+04 9.958369999999999722e-01
1.087000000000000000e+04 9.825249999999999817e-01
1.090500000000000000e+04 9.484200000000000408e-01
1.094000000000000000e+04 9.509840000000000515e-01
1.097500000000000000e+04 8.979880000000000084e-01
1.101000000000000000e+04 7.127700000000000147e-01
1.104500000000000000e+04 3.984059999999999824e-01
1.108000000000000000e+04 1.799870000000000081e-01
1.111500000000000000e+04 7.981860000000000344e-02
1.115000000000000000e+04 2.797070000000000112e-02
1.118500000000000000e+04 8.139800000000000854e-03
1.122000000000000000e+04 5.807190000000000268e-03
1.125500000000000000e+04 2.564820000000000207e-03
1.129000000000000000e+04 1.732859999999999913e-03
1.132500000000000000e+04 9.944730000000000583e-04
1.136000000000000000e+04 5.551100000000000435e-04
1.139500000000000000e+04 6.574670000000000123e-04
1.143000000000000000e+04 3.246610000000000142e-04
1.146500000000000000e+04 4.135809999999999964e-04
1.150000000000000000e+04 3.853320000000000031e-04
1.153500000000000000e+04 0.000000000000000000e+00
1.157000000000000000e+04 0.000000000000000000e+00
