9.975000000000000000e+03 0.000000000000000000e+00
1.001000000000000000e+04 0.000000000000000000e+00
1.004500000000000000e+04 3.609530000000000117e-04
1.008000000000000000e+04 3.884690000000000105e-04
1.011500000000000000e+04 3.631700000000000076e-04
1.015000000000000000e+04 3.500609999999999811e-04
1.018500000000000000e+04 3.593029999999999987e-04
1.022000000000000000e+04 4.217150000000000239e-04
1.025500000000000000e+04 3.846200000000000140e-04
1.029000000000000000e+04 3.770089999999999813e-04
1.032500000000000000e+04 4.416569999999999763e-04
1.036000000000000000e+04 5.094020000000000535e-04
1.039500000000000000e+04 7.047190000000000268e-04
1.043000000000000000e+04 8.019859999999999749e-04
1.046500000000000000e+04 9.700260000000000262e-04
1.050000000000000000e+04 1.368260000000000049e-03
1.053500000000000000e+04 2.243600000000000108e-03
1.057000000000000000e+04 4.770749999999999817e-03
1.060500000000000000e+04 1.322079999999999957e-02
1.064000000000000000e+04 4.017160000000000175e-02
1.067500000000000000e+04 1.061369999999999952e-01
1.071000000000000000e+04 2.210769999999999957e-01
1.074500000000000000e+04 4.406419999999999781e-01
1.078000000000000000e+04 7.637570000000000192e-01
1.081500000000000000e+04 9.391490000000000116e-01
1.085000000000000000e+04 8.960730000000000084e-01
1.088500000000000000e+04 8.537529999999999841e-01
1.092000000000000000e+04 8.385420000000000096e-01
1.095500000000000000e+04 8.534659999999999469e-01
1.099000000000000000e+04 8.522119999999999695e-01
1.102500000000000000e+04 8.776709999999999789e-01
1.106000000000000000e+04 9.125330000000000386e-01
1.109500000000000000e+04 8.040190000000000392e-01
1.113000000000000000e+04 9.209140000000000104e-01
1.116500000000000000e+04 6.234349999999999614e-01
1.120000000000000000e+04 8.256890000000000063e-01
1.123500000000000000e+04 6.011220000000000452e-01
1.127000000000000000e+04 4.661669999999999980e-01
1.130500000000000000e+04 6.555860000000000021e-01
1.134000000000000000e+04 3.918869999999999854e-01
1.137500000000000000e+04 6.020149999999999668e-01
1.141000000000000000e+04 7.154049999999999576e-01
1.144500000000000000e+04 6.466629999999999878e-01
1.148000000000000000e+04 7.199780000000000069e-01
1.151500000000000000e+04 8.910240000000000382e-01
1.155000000000000000e+04 6.926860000000000239e-01
1.158500000000000000e+04 8.561600000000000321e-01
1.162000000000000000e+04 8.300819999999999865e-01
1.165500000000000000e+04 9.756610000000000005e-01
1.169000000000000000e+04 9.161160000000000414e-01
1.172500000000000000e+04 9.566590000000000371e-01
1.176000000000000000e+04 9.163050000000000361e-01
1.179500000000000000e+04 8.725939999999999808e-01
1.183000000000000000e+04 9.461549999999999683e-01
1.186500000000000000e+04 9.679029999999999578e-01
1.190000000000000000e+04 9.765679999999999916e-01
1.193500000000000000e+04 1.000000000000000000e+00
1.197000000000000000e+04 9.591309999999999558e-01
1.200500000000000000e+04 9.320150000000000379e-01
1.204000000000000000e+04 8.416679999999999717e-01
1.207500000000000000e+04 7.287789999999999546e-01
1.211000000000000000e+04 5.245159999999999823e-01
1.214500000000000000e+04 3.610189999999999788e-01
1.218000000000000000e+04 2.229690000000000005e-01
1.221500000000000000e+04 1.308960000000000123e-01
1.225000000000000000e+04 6.582939999999999625e-02
1.228500000000000000e+04 4.268229999999999941e-02
1.232000000000000000e+04 2.383990000000000067e-02
1.235500000000000000e+04 1.371509999999999917e-02
1.239000000000000000e+04 7.884719999999999576e-03
1.242500000000000000e+04 4.681880000000000243e-03
1.246000000000000000e+04 3.011559999999999931e-03
1.249500000000000000e+04 1.969700000000000010e-03
1.253000000000000000e+04 1.391899999999999952e-03
1.256500000000000000e+04 1.028229999999999986e-03
1.260000000000000000e+04 7.437340000000000183e-04
1.263500000000000000e+04 6.183379999999999606e-04
1.267000000000000000e+04 5.848739999999999842e-04
1.270500000000000000e+04 0.000000000000000000e+00
1.274000000000000000e+04 0.000000000000000000e+00
