1.190500000000000000e+04 0.000000000000000000e+00
1.194500000000000000e+04 0.000000000000000000e+00
1.198500000000000000e+04 8.100110000000000643e-03
1.202500000000000000e+04 1.826929999999999873e-02
1.206500000000000000e+04 4.439850000000000046e-02
1.210500000000000000e+04 1.018519999999999981e-01
1.214500000000000000e+04 2.488170000000000104e-01
1.218500000000000000e+04 5.682739999999999458e-01
1.222500000000000000e+04 8.917239999999999611e-01
1.226500000000000000e+04 9.633270000000000444e-01
1.230500000000000000e+04 9.590290000000000203e-01
1.234500000000000000e+04 9.728569999999999718e-01
1.238500000000000000e+04 9.896979999999999666e-01
1.242500000000000000e+04 9.941079999999999917e-01
1.246500000000000000e+04 9.923359999999999959e-01
1.250500000000000000e+04 9.864859999999999740e-01
1.254500000000000000e+04 9.732129999999999947e-01
1.258500000000000000e+04 9.598729999999999762e-01
1.262500000000000000e+04 9.380009999999999737e-01
1.266500000000000000e+04 8.788709999999999578e-01
1.270500000000000000e+04 8.174209999999999532e-01
1.274500000000000000e+04 9.077030000000000376e-01
1.278500000000000000e+04 8.542760000000000353e-01
1.282500000000000000e+04 8.451130000000000031e-01
1.286500000000000000e+04 8.339600000000000346e-01
1.290500000000000000e+04 8.528810000000000002e-01
1.294500000000000000e+04 8.674690000000000456e-01
1.298500000000000000e+04 8.813309999999999755e-01
1.302500000000000000e+04 8.484749999999999792e-01
1.306500000000000000e+04 9.282369999999999788e-01
1.310500000000000000e+04 9.449910000000000254e-01
1.314500000000000000e+04 9.393399999999999528e-01
1.318500000000000000e+04 8.351509999999999767e-01
1.322500000000000000e+04 8.146740000000000093e-01
1.326500000000000000e+04 8.243810000000000304e-01
1.330500000000000000e+04 7.175359999999999516e-01
1.334500000000000000e+04 1.000000000000000000e+00
1.338500000000000000e+04 7.198670000000000346e-01
1.342500000000000000e+04 7.054430000000000422e-01
1.346500000000000000e+04 6.745280000000000165e-01
1.350500000000000000e+04 3.039229999999999987e-01
1.354500000000000000e+04 8.233540000000000303e-02
1.358500000000000000e+04 2.270159999999999886e-02
1.362500000000000000e+04 1.908489999999999839e-02
1.366500000000000000e+04 1.163660000000000042e-02
1.370500000000000000e+04 0.000000000000000000e+00
1.374500000000000000e+04 0.000000000000000000e+00
